ABflag,srcNo,dstNo,2,ASNodes,BSNodes
0,0,12,2,5,6
0,0,13,2,5,6
0,0,29,2,7,12
0,0,29,2,7,12
0,0,6,2,5,9
0,0,6,2,5,9
0,0,7,2,5,9
0,0,7,2,5,9
0,1,13,2,4,5
0,1,5,2,4,8
0,1,5,2,4,8
0,1,6,2,6,9
0,1,7,2,4,8
0,1,7,2,4,8
0,10,12,2,2,3
0,10,13,2,2,3
0,10,13,2,2,3
0,10,31,2,9,10
0,10,31,2,9,10
0,10,32,2,9,10
0,10,32,2,9,10
0,10,32,2,9,10
0,10,32,2,9,10
0,10,5,2,2,12
0,10,5,2,2,12
0,10,6,2,2,13
0,10,7,2,2,12
0,10,7,2,2,12
0,100,60,2,3,4
0,100,60,2,3,4
0,100,61,2,3,4
0,101,55,2,4,6
0,101,59,2,5,6
0,102,66,2,4,5
0,102,66,2,4,5
0,103,134,2,14,21
0,103,57,2,5,6
0,104,136,2,9,11
0,105,64,2,14,19
0,106,73,2,15,17
0,108,73,2,16,17
0,109,85,2,7,12
0,11,12,2,1,2
0,11,12,2,1,2
0,11,13,2,1,2
0,11,13,2,1,2
0,11,13,2,1,2
0,11,13,2,1,2
0,11,15,2,1,2
0,11,15,2,1,2
0,11,15,2,1,2
0,11,15,2,1,2
0,11,23,2,1,2
0,11,23,2,1,2
0,11,23,2,1,2
0,11,5,2,1,12
0,11,6,2,1,13
0,11,7,2,1,12
0,11,7,2,1,12
0,11,7,2,1,12
0,11,7,2,1,12
0,111,29,2,294,516
0,111,88,2,17,18
0,113,139,2,11,13
0,116,87,2,23,25
0,121,86,2,22,26
0,125,147,2,10,11
0,126,83,2,16,18
0,137,314,2,8,9
0,138,136,2,7,9
0,138,70,2,14,18
0,140,9,2,3,4
0,141,82,2,12,14
0,144,213,2,7,8
0,144,78,2,11,13
0,144,82,2,11,15
0,146,134,2,15,19
0,147,130,2,14,18
0,147,76,2,13,20
0,148,69,2,14,16
0,149,82,2,13,16
0,15,11,2,9,11
0,15,11,2,9,11
0,15,141,2,10,12
0,154,78,2,13,15
0,155,244,2,8,11
0,155,246,2,7,11
0,157,22,2,7,8
0,157,70,2,14,19
0,16,12,2,3,4
0,16,12,2,3,4
0,16,12,2,3,4
0,16,13,2,3,4
0,16,29,2,7,8
0,16,5,2,3,7
0,16,5,2,3,7
0,16,6,2,3,7
0,16,6,2,3,7
0,16,7,2,3,7
0,16,7,2,3,7
0,160,244,2,6,11
0,163,246,2,6,11
0,163,9,2,5,6
0,164,130,2,18,20
0,164,217,2,4,8
0,164,78,2,14,15
0,165,130,2,16,20
0,165,134,2,15,21
0,17,29,2,4,12
0,17,29,2,4,12
0,171,217,2,5,8
0,173,144,2,14,22
0,175,83,2,14,19
0,175,86,2,22,26
0,178,83,2,16,19
0,178,86,2,24,27
0,18,236,2,7,8
0,18,29,2,9,12
0,18,29,2,9,12
0,18,30,2,5,7
0,18,30,2,5,7
0,18,31,2,5,7
0,18,31,2,5,7
0,18,31,2,5,7
0,18,31,2,5,7
0,18,31,2,5,7
0,18,32,2,5,7
0,18,32,2,5,7
0,188,215,2,7,9
0,189,230,2,4,9
0,19,4,2,12,13
0,19,4,2,12,13
0,19,6,2,12,14
0,19,6,2,12,14
0,19,6,2,12,14
0,191,84,2,3,6
0,193,90,2,22,23
0,195,230,2,7,9
0,2,20,2,2,4
0,2,20,2,2,4
0,2,21,2,2,10
0,2,244,2,9,12
0,2,4,2,12,13
0,203,237,2,6,10
0,204,76,2,15,20
0,204,76,2,15,20
0,205,70,2,15,18
0,206,69,2,4,16
0,206,78,2,4,14
0,207,358,2,13,14
0,209,132,2,16,20
0,210,75,2,4,12
0,211,73,2,4,16
0,213,70,2,17,19
0,216,70,2,15,20
0,217,132,2,15,21
0,218,130,2,16,20
0,219,81,2,15,24
0,221,134,2,16,22
0,221,136,2,4,11
0,221,73,2,17,18
0,228,332,2,4,7
0,23,0,2,9,13
0,23,0,2,9,13
0,23,0,2,9,13
0,23,1,2,10,13
0,23,1,2,10,13
0,23,1,2,10,13
0,23,11,2,10,12
0,23,11,2,10,12
0,23,11,2,10,12
0,24,29,2,9,12
0,24,29,2,9,12
0,24,29,2,9,12
0,24,31,2,5,10
0,24,5,2,10,12
0,24,7,2,10,12
0,24,84,2,2,6
0,25,29,2,8,11
0,25,29,2,8,11
0,25,30,2,6,8
0,25,30,2,6,8
0,25,32,2,6,8
0,25,32,2,6,8
0,26,29,2,11,12
0,26,29,2,11,12
0,26,30,2,4,5
0,26,31,2,4,11
0,26,31,2,4,11
0,26,32,2,4,11
0,26,32,2,4,11
0,26,5,2,9,13
0,26,6,2,13,14
0,26,6,2,13,14
0,26,7,2,9,13
0,26,7,2,9,13
0,268,63,2,14,17
0,27,30,2,3,4
0,27,30,2,3,4
0,27,30,2,3,4
0,27,31,2,3,11
0,27,31,2,3,11
0,27,32,2,3,11
0,27,5,2,9,13
0,27,5,2,9,13
0,27,7,2,9,13
0,27,7,2,9,13
0,27,74,2,9,11
0,28,1,2,13,17
0,28,17,2,2,3
0,28,17,2,2,3
0,28,18,2,3,4
0,28,225,2,5,10
0,28,24,2,3,4
0,28,26,2,2,3
0,28,26,2,2,3
0,28,26,2,2,3
0,28,26,2,2,3
0,283,333,2,17,18
0,287,66,2,7,8
0,29,44,2,2,4
0,29,53,2,4,5
0,3,13,2,8,13
0,3,14,2,12,13
0,3,14,2,12,13
0,3,15,2,10,13
0,3,15,2,10,13
0,3,15,2,10,13
0,3,15,2,10,13
0,3,15,2,10,13
0,3,15,2,10,13
0,3,20,2,12,13
0,3,20,2,12,13
0,3,20,2,12,13
0,3,20,2,12,13
0,3,20,2,12,13
0,3,22,2,12,13
0,3,22,2,12,13
0,3,23,2,12,13
0,3,23,2,12,13
0,3,30,2,6,11
0,3,30,2,6,11
0,3,30,2,6,11
0,3,30,2,6,11
0,3,30,2,6,11
0,3,31,2,6,12
0,3,31,2,6,12
0,3,31,2,6,12
0,3,31,2,6,12
0,3,31,2,6,12
0,3,32,2,6,12
0,3,32,2,6,12
0,3,32,2,6,12
0,3,32,2,6,12
0,3,32,2,6,12
0,3,32,2,6,12
0,3,4,2,12,13
0,3,5,2,9,13
0,3,5,2,9,13
0,3,5,2,9,13
0,3,6,2,12,14
0,3,6,2,12,14
0,3,7,2,9,13
0,3,7,2,9,13
0,30,215,2,7,10
0,30,9,2,8,10
0,30,9,2,8,10
0,30,9,2,8,10
0,303,216,2,9,10
0,306,82,2,5,7
0,31,76,2,8,12
0,31,9,2,10,11
0,319,247,2,8,9
0,32,232,2,4,6
0,32,74,2,8,12
0,32,9,2,9,11
0,326,216,2,8,9
0,326,252,2,6,10
0,328,225,2,6,9
0,328,236,2,5,6
0,33,74,2,9,12
0,331,217,2,4,8
0,338,246,2,6,10
0,354,325,2,5,7
0,362,337,2,5,6
0,37,79,2,12,21
0,378,326,2,4,6
0,38,74,2,8,9
0,381,328,2,4,6
0,381,343,2,4,7
0,386,35,2,3,4
0,4,153,2,18,23
0,40,23,2,2,7
0,401,194,2,17,23
0,41,38,2,4,8
0,418,236,2,7,8
0,42,68,2,5,10
0,44,132,2,5,21
0,456,241,2,5,6
0,469,358,2,13,14
0,47,126,2,4,7
0,47,75,2,5,12
0,48,58,2,5,7
0,49,38,2,6,9
0,5,0,2,8,12
0,5,0,2,8,12
0,5,11,2,6,11
0,5,11,2,6,11
0,5,8,2,6,7
0,50,130,2,16,20
0,50,38,2,7,10
0,50,55,2,5,7
0,50,62,2,4,6
0,51,73,2,4,17
0,51,75,2,4,12
0,52,134,2,15,21
0,532,343,2,7,9
0,54,58,2,7,9
0,54,59,2,7,9
0,541,29,2,280,516
0,55,87,2,22,25
0,56,91,2,13,22
0,56,97,2,8,11
0,59,79,2,10,12
0,59,82,2,9,11
0,6,0,2,7,8
0,6,0,2,7,8
0,6,0,2,7,8
0,6,11,2,7,12
0,6,11,2,7,12
0,6,8,2,7,8
0,60,74,2,8,12
0,60,76,2,6,10
0,61,140,2,12,22
0,63,18,2,3,4
0,63,18,2,3,4
0,63,74,2,8,10
0,65,45,2,5,9
0,65,74,2,7,10
0,66,75,2,8,12
0,66,79,2,9,11
0,66,79,2,9,11
0,67,141,2,9,10
0,67,97,2,6,9
0,68,146,2,8,10
0,68,86,2,21,26
0,7,11,2,7,11
0,7,77,2,4,10
0,7,9,2,7,10
0,7,9,2,7,10
0,77,83,2,14,17
0,78,139,2,10,11
0,8,219,2,6,7
0,8,31,2,9,10
0,8,31,2,9,10
0,8,32,2,9,10
0,8,32,2,9,10
0,8,32,2,9,10
0,8,5,2,4,10
0,8,5,2,4,10
0,8,6,2,6,10
0,8,6,2,6,10
0,80,94,2,4,5
0,82,147,2,10,11
0,82,38,2,8,10
0,82,91,2,10,21
0,84,132,2,16,19
0,84,75,2,12,13
0,84,78,2,10,12
0,85,22,2,4,6
0,85,71,2,11,13
0,85,71,2,11,13
0,87,77,2,12,20
0,87,81,2,11,22
0,88,130,2,17,18
0,88,69,2,2,13
0,88,75,2,11,12
0,88,76,2,8,10
0,89,78,2,11,13
0,9,12,2,3,4
0,9,13,2,3,4
0,9,13,2,3,4
0,9,153,2,14,22
0,9,206,2,3,4
0,9,222,2,8,11
0,9,29,2,6,12
0,9,5,2,3,7
0,9,5,2,3,7
0,9,6,2,6,13
0,9,6,2,6,13
0,9,7,2,3,7
0,9,7,2,3,7
0,90,134,2,11,19
0,90,23,2,4,5
0,90,44,2,3,4
0,90,48,2,3,9
0,90,73,2,2,13
0,90,74,2,3,10
0,90,77,2,12,20
0,90,79,2,11,20
0,91,76,2,12,20
0,92,48,2,8,9
0,94,44,2,4,9
0,94,70,2,10,11
0,95,45,2,7,8
0,96,9,2,4,5
0,97,38,2,8,9
0,97,67,2,3,4
0,99,40,2,3,4
0,99,66,2,2,3
1,0,103,2,5,4
1,0,14,2,7,5
1,0,14,2,7,5
1,0,14,2,7,5
1,0,15,2,7,6
1,0,20,2,7,5
1,0,20,2,7,5
1,0,20,2,7,5
1,0,21,2,7,5
1,0,21,2,7,5
1,0,21,2,7,5
1,0,21,2,7,5
1,0,22,2,7,5
1,0,23,2,7,6
1,0,257,2,6,3
1,0,26,2,6,5
1,0,28,2,9,8
1,0,30,2,9,8
1,0,30,2,9,8
1,0,30,2,9,8
1,0,31,2,9,8
1,0,32,2,9,8
1,0,32,2,9,8
1,0,347,2,8,3
1,0,39,2,5,3
1,0,4,2,6,5
1,0,45,2,4,4
1,0,501,2,6,4
1,0,552,2,9,4
1,0,73,2,3,1
1,0,76,2,16,4
1,0,81,2,10,5
1,0,82,2,4,2
1,0,98,2,4,4
1,1,14,2,4,3
1,1,14,2,4,3
1,1,14,2,6,5
1,1,148,2,10,5
1,1,15,2,3,3
1,1,15,2,6,5
1,1,159,2,8,4
1,1,18,2,5,4
1,1,20,2,6,5
1,1,20,2,6,5
1,1,21,2,6,5
1,1,21,2,6,5
1,1,214,2,7,6
1,1,23,2,6,5
1,1,23,2,6,5
1,1,23,2,6,5
1,1,23,2,6,5
1,1,23,2,6,5
1,1,23,2,6,5
1,1,30,2,9,8
1,1,31,2,9,8
1,1,31,2,9,8
1,1,31,2,9,8
1,1,32,2,9,8
1,1,32,2,9,8
1,1,333,2,20,18
1,1,383,2,10,5
1,1,43,2,3,3
1,1,43,2,3,3
1,1,52,2,8,5
1,1,69,2,15,4
1,1,72,2,16,4
1,10,102,2,5,4
1,10,107,2,5,4
1,10,155,2,11,3
1,10,16,2,2,1
1,10,16,2,2,1
1,10,20,2,4,2
1,10,20,2,4,3
1,10,20,2,4,3
1,10,206,2,5,4
1,10,21,2,4,3
1,10,214,2,8,5
1,10,23,2,4,3
1,10,23,2,4,3
1,10,26,2,4,3
1,10,30,2,9,9
1,10,30,2,9,9
1,10,395,2,9,5
1,10,4,2,2,2
1,10,4,2,2,2
1,10,4,2,2,2
1,10,41,2,1,1
1,10,43,2,5,3
1,10,46,2,2,2
1,10,47,2,2,2
1,10,51,2,7,5
1,10,52,2,5,3
1,10,547,2,9,5
1,10,76,2,2,2
1,10,81,2,3,3
1,10,81,2,3,3
1,10,89,2,4,3
1,10,92,2,3,3
1,100,12,2,4,3
1,100,129,2,4,3
1,100,163,2,5,3
1,100,174,2,8,4
1,100,184,2,3,3
1,100,193,2,8,6
1,100,2,2,5,4
1,100,311,2,5,3
1,100,36,2,5,3
1,100,5,2,5,4
1,100,61,2,4,4
1,100,7,2,7,4
1,100,8,2,4,3
1,100,83,2,3,3
1,100,84,2,3,3
1,100,87,2,2,2
1,100,89,2,11,11
1,100,89,2,11,11
1,100,93,2,1,1
1,101,11,2,4,3
1,101,116,2,9,6
1,101,172,2,10,6
1,101,315,2,5,4
1,101,32,2,4,4
1,101,341,2,7,3
1,101,4,2,6,4
1,101,40,2,6,4
1,101,44,2,4,3
1,101,7,2,7,4
1,101,9,2,4,3
1,101,95,2,3,3
1,102,12,2,5,3
1,102,171,2,8,5
1,102,171,2,8,5
1,102,190,2,3,2
1,102,193,2,10,7
1,102,28,2,11,5
1,102,29,2,9,4
1,102,312,2,7,3
1,102,335,2,4,3
1,102,34,2,5,3
1,102,34,2,7,4
1,102,36,2,6,3
1,102,4,2,7,5
1,102,58,2,8,7
1,103,141,2,4,3
1,103,174,2,7,5
1,103,181,2,5,4
1,103,2,2,10,5
1,103,200,2,3,1
1,103,3,2,11,5
1,103,305,2,3,2
1,103,308,2,4,2
1,103,319,2,4,2
1,103,33,2,9,5
1,103,6,2,8,4
1,103,67,2,5,5
1,103,7,2,7,6
1,103,86,2,5,4
1,104,133,2,9,8
1,104,175,2,17,12
1,104,181,2,3,2
1,104,19,2,4,3
1,104,292,2,5,3
1,104,30,2,9,5
1,104,31,2,10,5
1,104,32,2,8,4
1,104,58,2,8,6
1,104,63,2,7,5
1,104,67,2,4,4
1,104,88,2,2,2
1,105,0,2,9,5
1,105,10,2,5,3
1,105,178,2,3,2
1,105,180,2,5,2
1,105,308,2,6,3
1,105,40,2,7,4
1,105,443,2,8,4
1,105,51,2,2,2
1,105,54,2,3,1
1,105,58,2,8,6
1,105,60,2,7,4
1,105,65,2,7,6
1,105,7,2,6,6
1,105,84,2,3,3
1,105,87,2,2,2
1,105,88,2,2,2
1,105,88,2,2,2
1,105,90,2,2,2
1,105,94,2,4,3
1,106,0,2,10,6
1,106,10,2,6,4
1,106,11,2,5,4
1,106,167,2,5,5
1,106,173,2,8,5
1,106,191,2,4,3
1,106,23,2,13,9
1,106,29,2,10,5
1,106,3,2,11,6
1,106,331,2,6,3
1,106,423,2,6,4
1,106,450,2,5,4
1,106,57,2,8,7
1,106,65,2,8,8
1,106,66,2,6,6
1,106,67,2,6,6
1,106,68,2,9,6
1,106,84,2,6,5
1,106,85,2,15,13
1,106,90,2,4,4
1,106,94,2,5,5
1,106,95,2,6,5
1,106,96,2,3,3
1,107,166,2,5,3
1,107,167,2,6,5
1,107,17,2,4,4
1,107,17,2,4,4
1,107,172,2,5,3
1,107,176,2,7,5
1,107,296,2,8,4
1,107,31,2,11,6
1,107,33,2,9,5
1,107,331,2,13,7
1,107,37,2,4,4
1,107,39,2,4,4
1,107,41,2,4,3
1,107,61,2,5,5
1,107,62,2,5,2
1,107,75,2,14,12
1,107,84,2,6,5
1,107,86,2,7,5
1,107,87,2,5,4
1,107,91,2,12,11
1,108,10,2,6,4
1,108,12,2,5,4
1,108,128,2,6,4
1,108,163,2,5,3
1,108,185,2,7,4
1,108,29,2,10,5
1,108,32,2,9,5
1,108,33,2,10,5
1,108,56,2,3,2
1,108,67,2,6,6
1,108,68,2,9,6
1,108,90,2,5,4
1,109,115,2,16,6
1,109,2,2,6,4
1,109,3,2,11,6
1,109,36,2,8,4
1,109,36,2,8,4
1,109,39,2,8,4
1,109,424,2,5,3
1,109,5,2,6,4
1,109,61,2,4,4
1,109,61,2,9,5
1,109,83,2,5,4
1,109,88,2,4,3
1,109,90,2,4,3
1,11,100,2,3,3
1,11,102,2,4,3
1,11,108,2,5,4
1,11,14,2,2,1
1,11,14,2,2,2
1,11,14,2,2,2
1,11,19,2,2,1
1,11,20,2,2,2
1,11,21,2,4,2
1,11,22,2,2,1
1,11,22,2,2,2
1,11,226,2,6,4
1,11,28,2,10,10
1,11,29,2,12,12
1,11,29,2,12,12
1,11,29,2,12,12
1,11,30,2,10,10
1,11,30,2,10,10
1,11,31,2,10,10
1,11,32,2,10,10
1,11,32,2,10,10
1,11,386,2,8,5
1,11,4,2,1,1
1,11,44,2,1,1
1,11,44,2,5,3
1,11,51,2,5,2
1,11,53,2,3,2
1,11,73,2,3,2
1,11,78,2,3,2
1,110,0,2,10,6
1,110,1,2,10,6
1,110,1,2,8,5
1,110,180,2,5,4
1,110,187,2,4,3
1,110,2,2,10,6
1,110,28,2,12,6
1,110,28,2,12,6
1,110,29,2,10,5
1,110,29,2,10,5
1,110,33,2,9,5
1,110,436,2,10,5
1,110,454,2,3,3
1,110,5,2,7,5
1,110,58,2,3,2
1,110,59,2,9,7
1,110,61,2,9,5
1,110,65,2,8,7
1,110,7,2,6,5
1,110,80,2,13,12
1,110,83,2,5,4
1,111,150,2,7,3
1,111,159,2,7,5
1,111,159,2,7,5
1,111,165,2,4,3
1,111,219,2,5,4
1,111,31,2,5,3
1,111,326,2,12,7
1,111,436,2,6,5
1,111,437,2,8,5
1,111,468,2,4,4
1,111,89,2,24,23
1,111,95,2,16,5
1,112,102,2,12,5
1,112,144,2,23,23
1,112,158,2,10,6
1,112,214,2,5,5
1,112,325,2,5,3
1,112,41,2,6,4
1,112,454,2,5,3
1,112,475,2,7,3
1,112,85,2,25,11
1,112,97,2,14,4
1,113,103,2,13,5
1,113,145,2,9,4
1,113,327,2,3,2
1,113,52,2,11,6
1,113,93,2,15,4
1,113,95,2,6,4
1,114,158,2,6,3
1,114,163,2,6,4
1,114,180,2,5,3
1,114,206,2,3,3
1,114,343,2,5,3
1,114,343,2,5,3
1,114,41,2,6,5
1,114,90,2,26,24
1,115,100,2,10,5
1,115,213,2,7,4
1,116,31,2,6,3
1,116,313,2,9,4
1,116,345,2,9,4
1,116,40,2,7,3
1,116,46,2,11,6
1,116,90,2,27,25
1,116,99,2,9,3
1,117,101,2,15,6
1,117,139,2,8,5
1,117,423,2,12,6
1,117,49,2,12,5
1,118,100,2,10,5
1,118,143,2,9,5
1,118,22,2,7,4
1,118,38,2,12,5
1,118,39,2,12,5
1,118,421,2,15,4
1,118,45,2,5,5
1,118,89,2,23,23
1,118,91,2,23,22
1,119,152,2,9,4
1,119,26,2,4,3
1,119,46,2,12,6
1,119,47,2,9,6
1,119,51,2,13,6
1,119,59,2,27,15
1,12,1,2,12,11
1,12,10,2,17,4
1,12,104,2,3,3
1,12,146,2,12,11
1,12,159,2,4,3
1,12,16,2,16,4
1,12,16,2,16,4
1,12,16,2,16,4
1,12,17,2,1,1
1,12,17,2,14,3
1,12,17,2,14,3
1,12,17,2,14,3
1,12,17,2,14,3
1,12,18,2,5,4
1,12,18,2,5,4
1,12,2,2,11,9
1,12,2,2,11,9
1,12,201,2,7,3
1,12,21,2,3,2
1,12,24,2,5,4
1,12,24,2,5,4
1,12,24,2,5,4
1,12,25,2,5,5
1,12,25,2,5,5
1,12,26,2,4,3
1,12,26,2,4,3
1,12,26,2,4,3
1,12,28,2,1,1
1,12,3,2,19,9
1,12,3,2,19,9
1,12,38,2,4,2
1,12,541,2,10,4
1,12,70,2,3,2
1,12,71,2,2,2
1,12,73,2,3,2
1,12,74,2,3,3
1,12,77,2,3,2
1,12,8,2,19,6
1,12,8,2,19,6
1,12,80,2,4,3
1,12,9,2,18,5
1,12,9,2,18,5
1,12,9,2,18,5
1,12,9,2,18,5
1,120,164,2,8,5
1,120,202,2,2,2
1,120,220,2,5,4
1,120,34,2,2,2
1,120,44,2,6,3
1,120,53,2,15,5
1,120,95,2,15,4
1,121,158,2,13,4
1,121,199,2,2,2
1,121,25,2,7,3
1,121,28,2,2,2
1,121,288,2,8,4
1,121,40,2,4,3
1,121,41,2,5,4
1,121,440,2,6,4
1,121,483,2,5,3
1,121,93,2,13,4
1,122,144,2,7,4
1,122,145,2,7,4
1,122,154,2,4,4
1,122,196,2,4,3
1,122,26,2,4,3
1,122,297,2,8,4
1,122,51,2,4,3
1,123,103,2,7,4
1,123,145,2,6,3
1,123,153,2,11,4
1,123,161,2,4,3
1,123,167,2,5,3
1,123,194,2,2,2
1,123,196,2,3,2
1,123,339,2,5,4
1,123,459,2,5,4
1,123,85,2,24,10
1,124,209,2,4,3
1,124,317,2,9,4
1,124,445,2,6,4
1,125,307,2,12,5
1,125,43,2,8,4
1,125,90,2,24,24
1,126,110,2,9,5
1,126,150,2,5,3
1,126,198,2,6,3
1,126,30,2,20,6
1,126,304,2,7,4
1,126,339,2,6,4
1,126,43,2,17,4
1,126,478,2,6,3
1,126,90,2,26,24
1,127,141,2,4,4
1,127,162,2,6,4
1,127,188,2,5,3
1,127,209,2,2,2
1,127,468,2,4,3
1,127,53,2,4,2
1,127,89,2,23,22
1,127,91,2,22,21
1,128,109,2,7,3
1,128,157,2,7,5
1,128,158,2,7,3
1,128,40,2,4,4
1,128,45,2,6,5
1,128,49,2,5,3
1,128,53,2,9,4
1,128,89,2,22,22
1,128,94,2,5,3
1,129,145,2,5,2
1,129,167,2,6,4
1,129,194,2,2,1
1,129,204,2,3,2
1,129,287,2,9,5
1,129,32,2,4,2
1,13,0,2,20,9
1,13,1,2,12,11
1,13,1,2,12,11
1,13,1,2,12,11
1,13,1,2,12,11
1,13,11,2,17,10
1,13,110,2,8,4
1,13,16,2,9,4
1,13,16,2,9,4
1,13,17,2,14,3
1,13,17,2,14,3
1,13,18,2,5,4
1,13,2,2,11,9
1,13,2,2,11,9
1,13,2,2,3,2
1,13,24,2,5,4
1,13,24,2,5,4
1,13,25,2,5,5
1,13,25,2,5,5
1,13,25,2,5,5
1,13,25,2,5,5
1,13,26,2,4,3
1,13,26,2,4,3
1,13,26,2,4,3
1,13,26,2,4,3
1,13,264,2,10,5
1,13,27,2,2,2
1,13,27,2,2,2
1,13,3,2,11,9
1,13,3,2,11,9
1,13,3,2,11,9
1,13,32,2,2,1
1,13,36,2,0,0
1,13,37,2,0,0
1,13,8,2,11,7
1,13,8,2,11,7
1,13,8,2,11,7
1,13,8,2,11,7
1,13,85,2,4,3
1,13,9,2,10,9
1,13,94,2,4,2
1,13,94,2,4,2
1,13,98,2,7,4
1,130,100,2,8,3
1,130,149,2,8,3
1,130,221,2,5,5
1,130,277,2,10,5
1,130,51,2,9,4
1,130,61,2,5,3
1,131,144,2,20,19
1,131,21,2,9,3
1,131,215,2,4,3
1,131,29,2,7,3
1,131,33,2,7,2
1,131,34,2,4,2
1,131,431,2,11,5
1,131,459,2,9,5
1,132,108,2,11,4
1,132,162,2,9,4
1,132,170,2,6,3
1,132,41,2,4,3
1,132,438,2,8,5
1,132,478,2,6,3
1,133,108,2,7,3
1,133,140,2,20,4
1,133,200,2,2,1
1,133,209,2,3,2
1,133,23,2,6,3
1,133,288,2,10,5
1,133,416,2,12,6
1,133,42,2,8,4
1,133,453,2,7,4
1,133,92,2,5,2
1,133,93,2,8,3
1,134,142,2,18,7
1,134,149,2,7,4
1,134,163,2,8,4
1,134,176,2,5,4
1,134,185,2,6,4
1,134,19,2,9,4
1,134,286,2,7,4
1,134,291,2,16,6
1,134,3,2,10,4
1,134,456,2,7,5
1,134,52,2,10,4
1,134,54,2,8,4
1,135,108,2,11,5
1,135,323,2,10,4
1,135,418,2,13,6
1,135,442,2,11,5
1,135,480,2,8,4
1,135,97,2,11,4
1,136,165,2,6,3
1,136,200,2,2,1
1,136,206,2,2,2
1,136,306,2,7,5
1,136,36,2,5,2
1,136,446,2,10,5
1,137,107,2,4,3
1,137,148,2,2,2
1,137,163,2,5,3
1,137,203,2,2,2
1,137,27,2,5,2
1,137,277,2,8,5
1,137,30,2,10,5
1,137,33,2,5,2
1,137,423,2,9,6
1,138,390,2,11,4
1,138,495,2,5,3
1,138,58,2,4,3
1,139,113,2,6,4
1,139,117,2,5,3
1,139,550,2,7,5
1,139,9,2,5,4
1,14,0,2,12,9
1,14,10,2,9,4
1,14,10,2,9,4
1,14,10,2,9,4
1,14,11,2,17,10
1,14,11,2,17,10
1,14,11,2,17,10
1,14,11,2,17,10
1,14,12,2,1,1
1,14,16,2,16,4
1,14,16,2,16,4
1,14,16,2,16,4
1,14,16,2,16,4
1,14,17,2,4,3
1,14,19,2,15,7
1,14,202,2,6,3
1,14,216,2,6,5
1,14,233,2,5,3
1,14,24,2,5,4
1,14,24,2,5,4
1,14,25,2,5,5
1,14,25,2,5,5
1,14,26,2,4,3
1,14,27,2,3,2
1,14,27,2,3,2
1,14,27,2,3,2
1,14,28,2,6,3
1,14,3,2,11,9
1,14,30,2,4,3
1,14,35,2,2,2
1,14,38,2,16,9
1,14,4,2,2,2
1,14,40,2,2,2
1,14,537,2,10,6
1,14,8,2,1,1
1,14,8,2,13,7
1,14,85,2,20,9
1,14,89,2,4,3
1,14,89,2,4,3
1,14,9,2,12,10
1,14,9,2,12,10
1,14,9,2,12,10
1,14,9,2,12,10
1,14,96,2,4,3
1,140,106,2,5,3
1,140,117,2,6,4
1,140,119,2,4,3
1,140,178,2,2,2
1,140,384,2,9,5
1,140,509,2,8,3
1,140,522,2,12,4
1,141,10,2,5,3
1,141,120,2,3,3
1,141,124,2,4,3
1,141,133,2,9,4
1,141,251,2,8,7
1,141,351,2,19,13
1,141,541,2,8,4
1,141,60,2,5,4
1,141,62,2,4,3
1,141,78,2,12,12
1,142,118,2,7,4
1,142,168,2,3,3
1,142,251,2,12,8
1,142,26,2,9,9
1,142,380,2,8,5
1,142,392,2,10,5
1,142,69,2,14,13
1,142,90,2,4,3
1,143,136,2,1,1
1,143,17,2,4,3
1,143,177,2,3,2
1,143,179,2,3,1
1,143,24,2,4,3
1,143,273,2,9,5
1,143,90,2,7,3
1,144,123,2,3,2
1,144,137,2,19,14
1,144,185,2,2,1
1,144,80,2,3,2
1,145,169,2,6,3
1,145,169,2,6,3
1,145,181,2,3,2
1,145,3,2,5,4
1,145,383,2,13,5
1,145,80,2,12,11
1,146,111,2,5,3
1,146,123,2,3,2
1,146,14,2,6,3
1,146,184,2,2,2
1,146,22,2,9,7
1,146,368,2,11,5
1,147,137,2,18,14
1,147,137,2,7,4
1,147,182,2,3,2
1,147,510,2,7,4
1,147,524,2,6,4
1,147,547,2,7,4
1,147,58,2,4,3
1,147,93,2,3,2
1,148,11,2,6,5
1,148,17,2,6,5
1,148,59,2,6,5
1,148,8,2,5,5
1,149,112,2,7,6
1,149,166,2,4,4
1,149,168,2,5,3
1,149,179,2,4,3
1,149,192,2,3,1
1,149,349,2,9,4
1,149,375,2,12,4
1,149,4,2,7,4
1,149,527,2,7,3
1,149,537,2,6,4
1,149,552,2,7,4
1,149,65,2,6,5
1,149,85,2,5,2
1,15,1,2,20,14
1,15,1,2,20,14
1,15,1,2,20,14
1,15,1,2,20,14
1,15,10,2,10,5
1,15,10,2,10,5
1,15,10,2,10,5
1,15,10,2,10,5
1,15,10,2,10,5
1,15,10,2,10,5
1,15,116,2,6,4
1,15,129,2,6,4
1,15,16,2,9,5
1,15,16,2,9,5
1,15,163,2,15,5
1,15,165,2,16,5
1,15,17,2,5,4
1,15,17,2,5,4
1,15,18,2,6,5
1,15,19,2,9,8
1,15,2,2,12,9
1,15,200,2,4,3
1,15,24,2,6,5
1,15,24,2,6,5
1,15,24,2,6,5
1,15,24,2,6,5
1,15,26,2,5,4
1,15,27,2,3,3
1,15,27,2,3,3
1,15,27,2,3,3
1,15,27,2,5,3
1,15,3,2,12,9
1,15,3,2,12,9
1,15,3,2,5,3
1,15,511,2,9,5
1,15,53,2,6,3
1,15,548,2,10,6
1,15,56,2,4,3
1,15,65,2,8,7
1,15,68,2,7,5
1,15,7,2,3,2
1,15,8,2,14,8
1,15,8,2,14,8
1,15,84,2,5,4
1,15,9,2,13,10
1,15,9,2,13,10
1,15,9,2,13,10
1,15,92,2,17,8
1,15,93,2,3,3
1,150,103,2,5,3
1,150,131,2,7,2
1,150,177,2,5,4
1,150,182,2,4,3
1,150,185,2,3,2
1,150,19,2,3,3
1,150,3,2,8,5
1,150,414,2,10,6
1,150,551,2,6,5
1,150,60,2,7,5
1,151,133,2,7,6
1,151,175,2,3,3
1,151,189,2,2,1
1,151,258,2,8,4
1,151,267,2,8,4
1,151,75,2,13,11
1,151,8,2,5,5
1,151,92,2,5,3
1,151,97,2,6,3
1,152,10,2,5,3
1,152,119,2,4,3
1,152,127,2,4,3
1,152,137,2,20,15
1,152,17,2,5,3
1,152,183,2,3,2
1,152,375,2,11,5
1,152,402,2,16,6
1,152,521,2,7,4
1,153,25,2,2,1
1,153,262,2,8,6
1,153,362,2,11,5
1,153,372,2,11,5
1,153,489,2,4,3
1,153,546,2,10,5
1,154,391,2,8,4
1,154,65,2,5,4
1,155,133,2,6,6
1,155,174,2,4,3
1,155,179,2,3,2
1,155,356,2,6,4
1,156,118,2,6,4
1,156,123,2,5,3
1,156,172,2,6,4
1,156,24,2,4,2
1,156,264,2,9,6
1,156,354,2,7,5
1,156,59,2,8,6
1,156,76,2,6,3
1,157,137,2,22,16
1,157,173,2,5,4
1,157,2,2,6,6
1,157,223,2,9,7
1,157,250,2,6,4
1,157,261,2,8,4
1,157,394,2,12,5
1,157,415,2,10,5
1,157,529,2,9,4
1,157,59,2,8,6
1,157,83,2,6,3
1,158,178,2,5,4
1,158,178,2,5,4
1,158,19,2,4,4
1,158,356,2,7,4
1,158,404,2,13,5
1,158,80,2,14,13
1,159,112,2,7,3
1,159,113,2,10,7
1,159,116,2,7,5
1,159,121,2,8,7
1,159,131,2,8,7
1,159,18,2,3,2
1,159,263,2,8,4
1,159,378,2,7,4
1,159,548,2,7,5
1,16,107,2,6,3
1,16,14,2,4,4
1,16,14,2,4,4
1,16,141,2,11,10
1,16,15,2,7,4
1,16,15,2,7,4
1,16,152,2,11,4
1,16,155,2,9,4
1,16,157,2,4,3
1,16,163,2,13,5
1,16,2,2,4,2
1,16,20,2,4,4
1,16,200,2,6,3
1,16,214,2,6,5
1,16,22,2,4,4
1,16,22,2,4,4
1,16,22,2,4,4
1,16,22,2,4,4
1,16,23,2,4,4
1,16,23,2,4,4
1,16,23,2,4,4
1,16,27,2,5,2
1,16,28,2,6,3
1,16,29,2,4,2
1,16,29,2,4,2
1,16,3,2,4,3
1,16,30,2,7,7
1,16,30,2,7,7
1,16,30,2,7,7
1,16,30,2,7,7
1,16,31,2,7,7
1,16,31,2,7,7
1,16,32,2,7,7
1,16,32,2,7,7
1,16,32,2,7,7
1,16,34,2,1,1
1,16,34,2,2,2
1,16,371,2,12,5
1,16,381,2,9,5
1,16,4,2,3,3
1,16,4,2,3,3
1,16,40,2,2,1
1,16,48,2,4,3
1,16,56,2,4,3
1,16,57,2,3,3
1,16,60,2,2,2
1,16,67,2,3,2
1,16,87,2,30,24
1,16,87,2,5,3
1,16,88,2,4,3
1,16,95,2,2,2
1,160,120,2,6,5
1,160,190,2,3,3
1,160,235,2,7,7
1,160,348,2,8,4
1,160,56,2,7,6
1,160,86,2,4,3
1,160,93,2,5,3
1,161,113,2,9,6
1,161,17,2,5,5
1,161,182,2,5,3
1,161,185,2,4,3
1,161,226,2,8,7
1,161,362,2,7,3
1,161,75,2,15,12
1,161,78,2,14,14
1,162,112,2,8,6
1,162,119,2,4,3
1,162,366,2,5,2
1,162,500,2,4,2
1,162,526,2,7,3
1,162,527,2,7,3
1,162,66,2,5,5
1,162,71,2,7,6
1,162,72,2,1,1
1,162,9,2,5,5
1,163,113,2,8,6
1,163,168,2,5,4
1,163,185,2,7,3
1,163,187,2,2,2
1,163,524,2,6,4
1,164,24,2,6,3
1,164,240,2,4,3
1,164,543,2,7,4
1,165,110,2,3,3
1,165,124,2,7,5
1,165,185,2,4,3
1,165,19,2,4,3
1,165,376,2,11,4
1,165,68,2,15,5
1,166,107,2,9,5
1,166,121,2,5,3
1,166,139,2,25,12
1,166,154,2,4,3
1,166,159,2,6,5
1,166,369,2,13,4
1,166,49,2,7,5
1,166,523,2,10,3
1,166,53,2,11,6
1,166,93,2,11,5
1,167,100,2,5,3
1,167,148,2,4,3
1,167,157,2,6,4
1,167,525,2,5,3
1,167,54,2,13,6
1,167,94,2,8,5
1,168,109,2,9,4
1,168,165,2,6,4
1,168,354,2,6,4
1,168,378,2,7,4
1,168,401,2,14,5
1,168,407,2,16,5
1,168,76,2,3,2
1,169,141,2,12,12
1,169,156,2,5,4
1,169,212,2,7,4
1,169,239,2,3,3
1,169,402,2,12,5
1,169,513,2,5,3
1,169,93,2,11,5
1,17,1,2,4,3
1,17,109,2,4,3
1,17,12,2,8,3
1,17,13,2,8,3
1,17,14,2,3,3
1,17,15,2,6,3
1,17,15,2,6,3
1,17,15,2,6,3
1,17,150,2,10,4
1,17,2,2,4,3
1,17,20,2,3,3
1,17,22,2,3,3
1,17,22,2,3,3
1,17,23,2,3,3
1,17,23,2,3,3
1,17,23,2,3,3
1,17,28,2,7,6
1,17,29,2,4,2
1,17,3,2,5,3
1,17,30,2,6,6
1,17,31,2,6,6
1,17,31,2,6,6
1,17,31,2,6,6
1,17,31,2,6,6
1,17,32,2,6,6
1,17,34,2,2,2
1,17,356,2,10,4
1,17,368,2,11,5
1,17,38,2,16,8
1,17,389,2,11,5
1,17,396,2,10,5
1,17,5,2,8,6
1,17,5,2,8,6
1,17,5,2,8,6
1,17,5,2,8,6
1,17,55,2,3,3
1,17,552,2,9,5
1,17,6,2,12,6
1,17,6,2,12,6
1,17,60,2,2,2
1,17,61,2,3,2
1,17,7,2,3,2
1,17,8,2,1,1
1,17,83,2,5,4
1,17,89,2,4,3
1,17,90,2,4,3
1,17,96,2,3,2
1,170,109,2,11,6
1,170,207,2,5,3
1,170,220,2,5,4
1,170,221,2,6,2
1,170,30,2,14,7
1,170,513,2,5,3
1,170,98,2,10,5
1,171,115,2,6,4
1,171,220,2,6,4
1,171,249,2,7,4
1,171,44,2,6,5
1,171,513,2,3,2
1,171,518,2,4,3
1,171,89,2,24,23
1,171,91,2,3,2
1,172,141,2,13,3
1,172,151,2,9,4
1,172,153,2,14,4
1,172,154,2,5,3
1,172,157,2,7,5
1,172,197,2,3,2
1,172,223,2,5,3
1,172,269,2,8,4
1,172,34,2,4,3
1,172,375,2,9,4
1,172,488,2,6,2
1,172,92,2,9,4
1,173,164,2,10,5
1,173,249,2,4,4
1,173,550,2,8,5
1,173,87,2,3,2
1,173,93,2,4,3
1,174,129,2,5,4
1,174,164,2,7,5
1,174,198,2,4,2
1,174,199,2,4,2
1,174,200,2,4,3
1,174,263,2,6,4
1,175,208,2,3,2
1,175,210,2,3,2
1,175,218,2,4,3
1,175,245,2,4,3
1,175,34,2,4,3
1,175,39,2,6,4
1,175,519,2,7,4
1,175,76,2,3,2
1,176,102,2,8,5
1,176,106,2,6,4
1,176,111,2,7,4
1,176,112,2,5,3
1,176,123,2,6,3
1,176,145,2,8,3
1,176,219,2,5,4
1,176,253,2,9,7
1,176,263,2,8,4
1,176,388,2,13,4
1,177,236,2,9,7
1,177,246,2,8,3
1,177,30,2,14,7
1,177,358,2,14,14
1,178,100,2,6,3
1,178,103,2,3,2
1,178,149,2,6,3
1,178,154,2,3,2
1,178,203,2,3,2
1,178,218,2,4,3
1,178,515,2,5,3
1,179,202,2,1,1
1,179,207,2,5,2
1,179,246,2,4,3
1,179,271,2,4,3
1,179,47,2,11,6
1,179,529,2,10,3
1,179,98,2,4,3
1,18,12,2,4,3
1,18,12,2,9,4
1,18,12,2,9,4
1,18,13,2,9,4
1,18,13,2,9,4
1,18,13,2,9,4
1,18,138,2,2,1
1,18,14,2,4,4
1,18,14,2,4,4
1,18,15,2,7,4
1,18,159,2,3,2
1,18,2,2,5,3
1,18,20,2,4,4
1,18,209,2,10,7
1,18,21,2,4,4
1,18,22,2,4,4
1,18,22,2,4,4
1,18,22,2,4,4
1,18,22,2,4,4
1,18,23,2,4,4
1,18,23,2,4,4
1,18,23,2,4,4
1,18,23,2,4,4
1,18,23,2,4,4
1,18,264,2,9,5
1,18,28,2,7,7
1,18,31,2,6,4
1,18,33,2,0,0
1,18,33,2,4,3
1,18,35,2,1,1
1,18,35,2,3,3
1,18,395,2,9,8
1,18,4,2,12,3
1,18,4,2,12,3
1,18,493,2,6,5
1,18,5,2,9,7
1,18,513,2,6,4
1,18,6,2,12,7
1,18,6,2,12,7
1,18,6,2,12,7
1,18,6,2,12,7
1,18,66,2,6,3
1,18,7,2,9,7
1,18,7,2,9,7
1,18,7,2,9,7
1,18,76,2,5,3
1,18,92,2,8,5
1,18,94,2,6,4
1,18,95,2,8,5
1,180,198,2,2,1
1,180,236,2,9,7
1,180,241,2,11,6
1,180,32,2,3,3
1,180,394,2,14,5
1,180,399,2,12,5
1,180,49,2,5,3
1,180,493,2,3,2
1,180,522,2,8,4
1,181,101,2,10,4
1,181,106,2,6,4
1,181,204,2,3,2
1,181,33,2,6,3
1,181,44,2,9,5
1,181,45,2,8,5
1,181,509,2,4,2
1,181,517,2,5,2
1,182,100,2,5,3
1,182,131,2,7,3
1,182,152,2,7,3
1,182,200,2,3,2
1,182,207,2,4,2
1,182,226,2,6,3
1,182,356,2,6,4
1,182,371,2,11,4
1,182,385,2,8,4
1,182,487,2,4,2
1,182,553,2,6,4
1,182,93,2,9,3
1,183,102,2,5,4
1,183,104,2,5,3
1,183,152,2,6,2
1,183,206,2,3,2
1,183,211,2,10,6
1,183,219,2,4,3
1,183,41,2,10,5
1,183,51,2,6,4
1,184,110,2,3,3
1,184,110,2,6,4
1,184,129,2,6,5
1,184,131,2,10,4
1,184,146,2,17,10
1,184,202,2,1,1
1,184,204,2,2,2
1,184,358,2,19,14
1,184,42,2,9,4
1,184,549,2,6,4
1,184,97,2,4,3
1,185,100,2,5,2
1,185,108,2,6,3
1,185,109,2,6,3
1,185,156,2,4,2
1,185,213,2,5,3
1,185,220,2,5,3
1,185,39,2,6,3
1,185,40,2,3,3
1,185,43,2,5,3
1,186,109,2,3,2
1,186,140,2,2,2
1,186,144,2,2,1
1,186,147,2,1,1
1,186,199,2,0,0
1,186,211,2,2,1
1,186,276,2,6,3
1,186,32,2,7,3
1,186,361,2,5,2
1,186,384,2,5,2
1,186,392,2,3,2
1,186,89,2,2,1
1,187,216,2,2,2
1,187,239,2,2,2
1,187,52,2,5,3
1,187,535,2,6,3
1,187,552,2,7,3
1,187,92,2,3,2
1,188,106,2,3,2
1,188,203,2,2,1
1,188,204,2,1,1
1,188,217,2,3,2
1,188,259,2,3,2
1,188,346,2,3,2
1,188,39,2,6,2
1,188,40,2,3,2
1,189,110,2,6,3
1,189,124,2,4,3
1,189,158,2,5,3
1,189,377,2,8,3
1,189,399,2,9,4
1,189,92,2,6,2
1,19,104,2,4,3
1,19,12,2,3,3
1,19,12,2,8,2
1,19,12,2,8,2
1,19,12,2,8,2
1,19,12,2,8,2
1,19,12,2,8,2
1,19,13,2,8,2
1,19,13,2,8,2
1,19,14,2,2,2
1,19,14,2,2,2
1,19,14,2,2,2
1,19,14,2,2,2
1,19,145,2,4,2
1,19,15,2,10,2
1,19,15,2,10,2
1,19,15,2,10,2
1,19,20,2,2,2
1,19,202,2,8,3
1,19,21,2,2,2
1,19,22,2,2,2
1,19,22,2,2,2
1,19,22,2,2,2
1,19,23,2,2,2
1,19,232,2,7,4
1,19,28,2,7,4
1,19,28,2,7,4
1,19,29,2,10,6
1,19,30,2,5,4
1,19,30,2,6,4
1,19,30,2,6,4
1,19,30,2,6,4
1,19,30,2,6,4
1,19,30,2,6,4
1,19,31,2,6,4
1,19,31,2,6,4
1,19,32,2,6,4
1,19,33,2,4,3
1,19,346,2,9,4
1,19,369,2,13,4
1,19,400,2,16,5
1,19,516,2,10,5
1,19,536,2,12,6
1,19,64,2,13,11
1,19,65,2,9,7
1,19,68,2,8,5
1,19,97,2,2,2
1,190,102,2,5,3
1,190,107,2,4,3
1,190,110,2,5,3
1,190,215,2,3,2
1,190,29,2,3,2
1,190,521,2,6,3
1,190,526,2,6,3
1,190,90,2,2,2
1,191,114,2,3,2
1,191,398,2,14,4
1,191,410,2,11,4
1,191,413,2,12,4
1,191,490,2,4,2
1,192,102,2,4,3
1,192,365,2,7,2
1,192,370,2,5,2
1,192,44,2,6,3
1,192,491,2,4,2
1,192,98,2,3,2
1,192,98,2,3,2
1,193,102,2,5,4
1,193,106,2,3,3
1,193,42,2,9,4
1,193,49,2,5,3
1,193,50,2,5,3
1,194,12,2,3,3
1,194,174,2,4,3
1,194,211,2,7,5
1,194,245,2,2,2
1,194,68,2,3,2
1,194,77,2,3,2
1,194,9,2,3,3
1,195,106,2,3,2
1,195,233,2,3,2
1,195,254,2,5,3
1,195,349,2,9,3
1,195,5,2,7,3
1,195,6,2,5,3
1,195,67,2,3,2
1,195,80,2,2,2
1,196,128,2,2,1
1,196,14,2,4,3
1,196,186,2,1,1
1,196,20,2,3,2
1,196,409,2,6,3
1,196,58,2,4,3
1,197,114,2,2,2
1,197,118,2,3,2
1,197,121,2,3,2
1,197,182,2,2,1
1,197,251,2,7,5
1,197,360,2,5,2
1,197,380,2,7,3
1,197,504,2,4,2
1,197,532,2,9,4
1,198,176,2,2,2
1,198,2,2,6,3
1,198,223,2,2,2
1,198,256,2,5,3
1,198,390,2,4,2
1,198,409,2,6,3
1,198,58,2,4,2
1,198,84,2,2,1
1,198,85,2,2,1
1,199,127,2,3,2
1,199,134,2,3,1
1,199,137,2,5,3
1,199,183,2,1,1
1,199,255,2,5,3
1,199,265,2,4,2
1,199,548,2,6,4
1,2,13,2,8,2
1,2,13,2,8,2
1,2,13,2,8,2
1,2,14,2,12,2
1,2,15,2,10,2
1,2,15,2,10,2
1,2,152,2,14,5
1,2,16,2,3,3
1,2,204,2,7,5
1,2,22,2,12,4
1,2,23,2,12,4
1,2,23,2,12,4
1,2,28,2,7,4
1,2,28,2,7,4
1,2,28,2,7,4
1,2,29,2,10,6
1,2,29,2,10,6
1,2,32,2,6,4
1,2,5,2,9,2
1,2,5,2,9,2
1,2,5,2,9,2
1,2,6,2,12,2
1,2,6,2,12,2
1,2,6,2,12,2
1,2,76,2,4,4
1,2,79,2,6,5
1,2,96,2,6,4
1,2,98,2,7,3
1,2,99,2,14,8
1,20,0,2,12,11
1,20,1,2,12,11
1,20,10,2,3,2
1,20,10,2,9,4
1,20,11,2,3,1
1,20,12,2,3,2
1,20,133,2,7,4
1,20,143,2,8,2
1,20,16,2,4,4
1,20,17,2,3,3
1,20,17,2,3,3
1,20,2,2,11,9
1,20,2,2,11,9
1,20,2,2,11,9
1,20,2,2,11,9
1,20,24,2,4,4
1,20,24,2,4,4
1,20,24,2,4,4
1,20,24,2,4,4
1,20,25,2,4,4
1,20,25,2,4,4
1,20,25,2,4,4
1,20,26,2,3,3
1,20,26,2,3,3
1,20,26,2,3,3
1,20,26,2,3,3
1,20,27,2,1,1
1,20,27,2,1,1
1,20,270,2,4,4
1,20,29,2,6,3
1,20,3,2,11,9
1,20,3,2,11,9
1,20,3,2,11,9
1,20,3,2,11,9
1,20,31,2,6,4
1,20,39,2,2,2
1,20,390,2,7,4
1,20,5,2,4,3
1,20,57,2,4,4
1,20,6,2,4,3
1,20,8,2,12,10
1,20,8,2,12,10
1,20,8,2,12,10
1,20,9,2,10,9
1,20,90,2,6,4
1,200,12,2,3,3
1,200,179,2,3,1
1,200,256,2,5,3
1,200,394,2,6,3
1,200,4,2,5,3
1,200,508,2,5,3
1,200,534,2,6,3
1,200,57,2,4,3
1,200,67,2,3,2
1,200,7,2,5,4
1,200,9,2,3,3
1,201,123,2,3,2
1,201,168,2,3,2
1,201,175,2,2,2
1,201,414,2,10,4
1,201,500,2,4,2
1,201,551,2,12,3
1,201,68,2,3,2
1,201,89,2,2,1
1,202,114,2,4,2
1,202,127,2,3,2
1,202,130,2,2,2
1,202,134,2,2,2
1,202,137,2,1,1
1,202,210,2,6,4
1,202,226,2,6,6
1,202,257,2,5,2
1,202,57,2,4,3
1,203,128,2,2,2
1,203,14,2,7,4
1,203,224,2,7,5
1,203,269,2,7,3
1,204,11,2,5,4
1,204,118,2,4,3
1,204,18,2,3,2
1,204,227,2,9,6
1,204,380,2,9,3
1,204,69,2,15,15
1,205,0,2,5,4
1,205,12,2,4,4
1,205,129,2,4,3
1,205,135,2,3,2
1,205,14,2,5,4
1,205,182,2,3,2
1,205,501,2,5,3
1,205,539,2,8,3
1,205,55,2,4,3
1,205,58,2,4,3
1,206,130,2,4,3
1,206,166,2,4,3
1,206,188,2,2,1
1,206,190,2,1,1
1,206,57,2,4,4
1,206,59,2,5,4
1,206,72,2,4,3
1,207,121,2,4,3
1,207,126,2,3,3
1,207,134,2,18,3
1,207,136,2,6,3
1,207,184,2,3,2
1,207,22,2,11,3
1,207,362,2,7,3
1,207,495,2,5,2
1,208,137,2,2,2
1,208,174,2,4,3
1,208,293,2,5,3
1,208,325,2,3,2
1,208,329,2,4,2
1,209,173,2,4,3
1,209,435,2,4,3
1,209,445,2,3,3
1,209,56,2,4,2
1,209,73,2,16,16
1,21,0,2,12,8
1,21,0,2,6,6
1,21,1,2,12,11
1,21,1,2,12,11
1,21,10,2,9,3
1,21,10,2,9,3
1,21,10,2,9,3
1,21,11,2,10,10
1,21,11,2,10,10
1,21,143,2,5,2
1,21,16,2,16,3
1,21,16,2,16,3
1,21,16,2,16,3
1,21,16,2,16,3
1,21,17,2,14,2
1,21,18,2,4,3
1,21,18,2,4,3
1,21,19,2,15,6
1,21,19,2,15,6
1,21,19,2,15,6
1,21,19,2,15,6
1,21,200,2,4,2
1,21,209,2,6,4
1,21,210,2,8,3
1,21,24,2,4,3
1,21,24,2,4,3
1,21,25,2,4,4
1,21,26,2,3,2
1,21,26,2,3,2
1,21,27,2,1,1
1,21,27,2,1,1
1,21,3,2,19,9
1,21,350,2,6,4
1,21,36,2,3,2
1,21,40,2,4,4
1,21,490,2,6,4
1,21,531,2,11,6
1,21,56,2,6,4
1,21,64,2,14,11
1,21,65,2,10,7
1,21,7,2,5,5
1,21,8,2,12,6
1,21,9,2,10,9
1,21,9,2,10,9
1,21,93,2,4,3
1,21,96,2,3,3
1,210,15,2,8,4
1,210,181,2,4,2
1,210,26,2,10,10
1,210,297,2,5,3
1,210,304,2,5,3
1,210,324,2,7,2
1,210,38,2,2,2
1,210,57,2,5,4
1,211,16,2,13,7
1,211,177,2,4,3
1,211,179,2,26,11
1,211,26,2,10,10
1,211,341,2,4,2
1,211,35,2,3,3
1,211,52,2,2,2
1,211,56,2,5,3
1,211,8,2,4,4
1,212,1,2,10,6
1,212,14,2,6,5
1,212,14,2,6,5
1,212,148,2,5,3
1,212,167,2,6,4
1,212,183,2,4,3
1,212,331,2,4,2
1,212,425,2,5,3
1,212,77,2,6,4
1,213,10,2,6,5
1,213,14,2,5,5
1,213,155,2,6,3
1,213,166,2,3,2
1,213,166,2,4,4
1,213,167,2,4,4
1,213,181,2,7,3
1,213,27,2,4,2
1,213,323,2,4,2
1,213,39,2,3,2
1,214,127,2,5,4
1,214,169,2,8,5
1,214,19,2,18,5
1,215,111,2,6,4
1,215,111,2,6,4
1,215,126,2,5,5
1,215,192,2,3,2
1,215,444,2,7,3
1,216,116,2,6,4
1,216,184,2,3,2
1,216,278,2,5,3
1,216,471,2,5,3
1,216,58,2,6,5
1,216,6,2,5,3
1,217,181,2,6,3
1,217,181,2,6,3
1,217,190,2,3,2
1,217,199,2,3,1
1,217,310,2,5,2
1,217,9,2,6,6
1,218,115,2,6,5
1,218,124,2,6,5
1,218,133,2,7,7
1,218,137,2,20,16
1,218,169,2,7,4
1,218,56,2,7,5
1,218,60,2,7,6
1,218,66,2,8,6
1,219,17,2,6,4
1,219,173,2,5,4
1,219,184,2,4,3
1,219,189,2,6,3
1,219,19,2,5,3
1,219,200,2,4,2
1,219,24,2,3,2
1,219,328,2,8,6
1,219,475,2,5,2
1,219,7,2,7,6
1,22,0,2,12,9
1,22,1,2,12,11
1,22,1,2,12,11
1,22,10,2,9,4
1,22,10,2,9,4
1,22,10,2,9,4
1,22,11,2,10,10
1,22,110,2,4,3
1,22,16,2,5,4
1,22,16,2,5,4
1,22,17,2,4,3
1,22,19,2,8,7
1,22,2,2,11,9
1,22,24,2,5,4
1,22,25,2,5,5
1,22,25,2,5,5
1,22,26,2,4,3
1,22,27,2,2,2
1,22,27,2,2,2
1,22,27,2,5,3
1,22,27,2,5,3
1,22,28,2,6,3
1,22,3,2,11,9
1,22,31,2,2,1
1,22,35,2,2,2
1,22,60,2,2,2
1,22,61,2,3,2
1,22,64,2,12,7
1,22,68,2,7,5
1,22,8,2,12,7
1,22,82,2,10,3
1,22,84,2,5,4
1,22,89,2,4,3
1,22,9,2,10,10
1,220,127,2,6,4
1,220,181,2,4,3
1,220,463,2,2,2
1,220,483,2,2,2
1,220,6,2,9,6
1,220,63,2,25,16
1,220,63,2,8,6
1,220,72,2,7,5
1,220,74,2,14,13
1,221,0,2,10,7
1,221,170,2,6,5
1,221,174,2,7,5
1,221,423,2,6,4
1,222,14,2,5,3
1,222,303,2,5,2
1,222,416,2,7,4
1,223,152,2,13,5
1,223,60,2,1,1
1,224,2,2,7,4
1,224,205,2,4,2
1,224,297,2,7,4
1,224,423,2,8,4
1,224,45,2,4,4
1,224,467,2,2,2
1,224,476,2,3,2
1,225,151,2,5,3
1,225,329,2,4,2
1,225,36,2,3,2
1,225,451,2,6,3
1,226,31,2,4,3
1,226,416,2,7,4
1,226,5,2,4,3
1,227,11,2,4,3
1,227,138,2,5,3
1,227,166,2,3,2
1,227,193,2,4,3
1,228,172,2,4,2
1,228,4,2,14,5
1,229,172,2,4,2
1,229,203,2,2,2
1,23,1,2,6,5
1,23,10,2,11,6
1,23,10,2,11,6
1,23,16,2,10,6
1,23,16,2,10,6
1,23,17,2,6,5
1,23,17,2,6,5
1,23,19,2,10,6
1,23,19,2,10,6
1,23,2,2,13,12
1,23,212,2,9,4
1,23,218,2,11,4
1,23,242,2,5,2
1,23,25,2,6,6
1,23,25,2,6,6
1,23,26,2,6,5
1,23,26,2,6,5
1,23,26,2,6,5
1,23,26,2,6,5
1,23,3,2,13,13
1,23,3,2,13,13
1,23,3,2,13,13
1,23,3,2,6,4
1,23,38,2,4,2
1,23,550,2,9,5
1,23,59,2,4,4
1,23,61,2,5,3
1,23,8,2,3,2
1,23,85,2,19,8
1,23,9,2,14,7
1,23,9,2,14,7
1,23,9,2,14,7
1,23,9,2,14,7
1,23,9,2,14,7
1,23,96,2,2,1
1,230,200,2,3,1
1,230,424,2,5,3
1,231,58,2,3,2
1,232,192,2,7,3
1,232,299,2,9,3
1,232,31,2,7,4
1,232,460,2,5,3
1,233,152,2,18,6
1,233,9,2,7,4
1,234,185,2,7,4
1,234,21,2,5,4
1,234,429,2,7,5
1,235,307,2,6,4
1,235,434,2,13,5
1,235,8,2,7,4
1,236,147,2,5,4
1,236,173,2,6,3
1,236,286,2,8,4
1,236,36,2,4,3
1,236,477,2,5,2
1,237,0,2,5,3
1,237,281,2,7,4
1,238,143,2,8,5
1,238,340,2,6,2
1,238,430,2,6,4
1,238,438,2,6,4
1,238,440,2,3,3
1,238,441,2,9,3
1,238,458,2,6,3
1,238,64,2,5,2
1,239,157,2,5,4
1,239,185,2,4,3
1,239,313,2,7,3
1,239,324,2,6,3
1,239,466,2,3,2
1,24,109,2,3,2
1,24,12,2,10,5
1,24,12,2,10,5
1,24,12,2,4,3
1,24,13,2,10,5
1,24,14,2,5,5
1,24,14,2,5,5
1,24,14,2,5,5
1,24,149,2,4,2
1,24,15,2,8,5
1,24,20,2,5,5
1,24,21,2,5,5
1,24,22,2,5,5
1,24,23,2,5,5
1,24,23,2,5,5
1,24,28,2,7,6
1,24,28,2,7,6
1,24,29,2,5,3
1,24,3,2,6,4
1,24,30,2,5,4
1,24,33,2,4,3
1,24,33,2,4,3
1,24,34,2,0,0
1,24,354,2,6,3
1,24,398,2,8,5
1,24,55,2,4,4
1,24,6,2,13,13
1,24,6,2,13,13
1,24,6,2,13,13
1,24,6,2,13,13
1,24,61,2,4,3
1,24,64,2,13,11
1,24,68,2,8,6
1,24,90,2,5,1
1,24,93,2,2,2
1,24,93,2,4,3
1,240,169,2,6,2
1,241,21,2,3,3
1,241,24,2,3,2
1,241,464,2,3,2
1,241,8,2,7,5
1,242,160,2,7,4
1,242,465,2,9,8
1,243,165,2,7,4
1,243,195,2,8,4
1,243,199,2,10,3
1,243,291,2,15,5
1,243,32,2,6,4
1,243,340,2,10,3
1,243,445,2,4,3
1,244,153,2,11,4
1,244,50,2,3,2
1,245,344,2,7,6
1,246,150,2,5,4
1,246,35,2,2,2
1,246,421,2,5,3
1,246,45,2,4,4
1,246,480,2,5,2
1,246,62,2,2,1
1,247,203,2,3,3
1,247,432,2,6,3
1,247,434,2,7,5
1,247,435,2,7,3
1,247,481,2,6,2
1,248,146,2,8,5
1,248,186,2,4,3
1,248,470,2,6,2
1,248,484,2,4,2
1,248,56,2,3,2
1,249,188,2,7,5
1,249,193,2,7,3
1,249,201,2,6,3
1,249,292,2,6,4
1,249,319,2,9,4
1,249,458,2,6,4
1,249,478,2,6,2
1,25,1,2,6,5
1,25,117,2,6,3
1,25,13,2,10,5
1,25,14,2,5,5
1,25,14,2,5,5
1,25,15,2,8,5
1,25,20,2,5,5
1,25,20,2,5,5
1,25,20,2,5,5
1,25,209,2,4,3
1,25,21,2,5,5
1,25,21,2,5,5
1,25,212,2,5,3
1,25,22,2,5,5
1,25,220,2,4,3
1,25,221,2,5,3
1,25,237,2,3,3
1,25,266,2,7,4
1,25,28,2,8,5
1,25,28,2,8,8
1,25,39,2,3,3
1,25,4,2,13,4
1,25,4,2,13,4
1,25,4,2,13,4
1,25,4,2,5,4
1,25,44,2,3,1
1,25,47,2,5,2
1,25,5,2,10,8
1,25,5,2,5,4
1,25,519,2,8,4
1,25,53,2,6,2
1,25,57,2,5,5
1,25,6,2,13,8
1,25,6,2,13,8
1,25,6,2,5,4
1,25,60,2,4,4
1,25,61,2,5,4
1,25,7,2,10,8
1,25,7,2,5,5
1,25,85,2,18,16
1,25,92,2,9,6
1,25,95,2,9,6
1,250,12,2,7,5
1,250,307,2,6,4
1,250,335,2,11,3
1,250,455,2,5,3
1,250,466,2,3,2
1,250,477,2,4,2
1,250,483,2,4,2
1,251,467,2,3,2
1,251,67,2,3,2
1,252,195,2,7,3
1,252,198,2,8,2
1,253,0,2,5,4
1,253,324,2,5,2
1,253,431,2,5,4
1,253,469,2,5,2
1,254,179,2,30,12
1,254,449,2,9,4
1,254,478,2,7,3
1,255,17,2,7,5
1,255,177,2,6,4
1,255,476,2,6,3
1,256,198,2,8,3
1,256,282,2,13,5
1,257,183,2,6,4
1,257,316,2,8,4
1,258,25,2,7,3
1,258,281,2,8,5
1,258,305,2,6,4
1,258,37,2,7,6
1,259,19,2,14,4
1,26,0,2,6,6
1,26,12,2,9,4
1,26,12,2,9,4
1,26,12,2,9,4
1,26,12,2,9,4
1,26,12,2,9,4
1,26,14,2,4,4
1,26,14,2,4,4
1,26,143,2,7,2
1,26,199,2,2,2
1,26,20,2,4,4
1,26,20,2,4,4
1,26,20,2,4,4
1,26,21,2,4,4
1,26,21,2,4,4
1,26,22,2,4,4
1,26,22,2,4,4
1,26,22,2,4,4
1,26,23,2,4,4
1,26,23,2,4,4
1,26,23,2,4,4
1,26,230,2,3,3
1,26,28,2,6,5
1,26,3,2,8,5
1,26,31,2,8,5
1,26,34,2,1,1
1,26,35,2,5,5
1,26,369,2,3,3
1,26,37,2,4,3
1,26,376,2,4,3
1,26,4,2,13,3
1,26,4,2,13,3
1,26,4,2,13,3
1,26,485,2,7,4
1,26,7,2,5,5
1,26,87,2,5,5
1,26,88,2,5,5
1,26,88,2,5,5
1,26,89,2,15,15
1,26,91,2,17,15
1,26,91,2,24,20
1,260,484,2,7,3
1,260,59,2,15,15
1,261,14,2,10,5
1,261,156,2,12,5
1,261,51,2,3,3
1,262,182,2,7,4
1,262,443,2,6,4
1,262,450,2,5,3
1,263,303,2,8,4
1,263,43,2,5,3
1,263,454,2,7,3
1,263,9,2,8,5
1,264,299,2,7,4
1,264,335,2,9,8
1,264,430,2,7,5
1,264,450,2,8,3
1,265,170,2,6,3
1,265,35,2,3,3
1,265,46,2,2,1
1,265,47,2,3,2
1,266,24,2,7,4
1,266,25,2,8,4
1,266,294,2,12,5
1,266,429,2,9,6
1,267,2,2,12,4
1,267,321,2,9,4
1,267,334,2,5,5
1,267,51,2,4,3
1,267,68,2,4,3
1,267,8,2,7,4
1,268,205,2,6,3
1,268,343,2,9,8
1,268,473,2,6,3
1,269,46,2,6,2
1,27,109,2,7,5
1,27,12,2,9,3
1,27,12,2,9,3
1,27,12,2,9,3
1,27,13,2,9,3
1,27,13,2,9,3
1,27,14,2,3,3
1,27,14,2,3,3
1,27,14,2,3,3
1,27,15,2,10,3
1,27,15,2,10,3
1,27,15,2,10,3
1,27,15,2,10,3
1,27,15,2,3,1
1,27,16,2,2,1
1,27,16,2,3,3
1,27,173,2,5,4
1,27,18,2,4,4
1,27,20,2,5,3
1,27,21,2,3,3
1,27,21,2,3,3
1,27,21,2,3,3
1,27,22,2,3,3
1,27,22,2,3,3
1,27,23,2,3,3
1,27,24,2,5,4
1,27,25,2,1,0
1,27,28,2,7,4
1,27,28,2,7,4
1,27,28,2,7,4
1,27,29,2,10,6
1,27,29,2,10,6
1,27,29,2,10,6
1,27,366,2,7,3
1,27,45,2,14,10
1,27,509,2,7,4
1,27,51,2,8,5
1,27,51,2,8,5
1,27,544,2,8,5
1,27,6,2,14,14
1,27,80,2,1,1
1,27,94,2,4,2
1,27,98,2,3,3
1,270,151,2,8,4
1,270,181,2,7,3
1,270,280,2,7,4
1,270,43,2,4,3
1,270,451,2,9,4
1,271,187,2,5,3
1,271,291,2,17,5
1,271,41,2,5,4
1,271,430,2,9,5
1,271,481,2,8,3
1,271,51,2,4,3
1,272,169,2,9,5
1,272,191,2,10,5
1,272,327,2,8,3
1,272,426,2,6,5
1,272,454,2,6,4
1,272,6,2,10,5
1,273,0,2,7,4
1,273,339,2,7,4
1,273,42,2,4,2
1,273,421,2,9,4
1,274,200,2,7,3
1,274,341,2,5,3
1,274,53,2,4,3
1,275,423,2,11,6
1,276,202,2,53,43
1,276,289,2,10,4
1,276,424,2,8,4
1,276,9,2,9,5
1,277,216,2,10,10
1,277,529,2,6,3
1,278,231,2,13,4
1,278,256,2,10,6
1,278,517,2,6,4
1,278,545,2,11,6
1,279,110,2,6,4
1,279,249,2,13,8
1,279,253,2,13,8
1,279,373,2,6,4
1,279,533,2,9,5
1,279,540,2,10,5
1,279,550,2,10,5
1,279,78,2,8,2
1,28,0,2,13,9
1,28,0,2,2,2
1,28,10,2,10,4
1,28,101,2,4,4
1,28,11,2,11,10
1,28,168,2,4,3
1,28,17,2,4,3
1,28,19,2,15,13
1,28,2,2,11,10
1,28,20,2,6,4
1,28,22,2,1,1
1,28,3,2,19,10
1,28,405,2,9,4
1,28,42,2,6,4
1,28,493,2,5,4
1,28,51,2,9,5
1,28,551,2,9,4
1,28,61,2,2,2
1,28,69,2,2,1
1,28,73,2,15,14
1,28,8,2,13,7
1,28,8,2,13,7
1,28,80,2,1,1
1,28,9,2,11,11
1,28,9,2,11,11
1,280,382,2,9,3
1,280,488,2,6,2
1,280,96,2,4,2
1,281,130,2,8,5
1,281,215,2,11,11
1,281,247,2,10,10
1,281,268,2,12,5
1,281,271,2,13,5
1,281,402,2,14,5
1,281,409,2,11,5
1,282,112,2,6,4
1,282,209,2,8,6
1,282,543,2,9,5
1,283,217,2,8,3
1,283,400,2,6,4
1,283,497,2,5,3
1,283,73,2,5,2
1,285,249,2,12,5
1,285,256,2,12,5
1,285,274,2,8,5
1,286,275,2,7,5
1,286,352,2,5,3
1,286,78,2,4,2
1,286,87,2,4,3
1,287,211,2,11,7
1,287,359,2,4,3
1,287,485,2,5,3
1,287,547,2,7,4
1,287,96,2,5,4
1,288,236,2,9,7
1,288,366,2,6,3
1,288,396,2,10,5
1,289,498,2,1,1
1,289,524,2,5,3
1,289,90,2,7,7
1,29,0,2,4,3
1,29,0,2,4,3
1,29,0,2,4,3
1,29,0,2,4,3
1,29,1,2,4,3
1,29,1,2,4,3
1,29,1,2,4,3
1,29,10,2,2,2
1,29,10,2,2,2
1,29,100,2,4,4
1,29,11,2,2,2
1,29,11,2,2,2
1,29,136,2,2,2
1,29,16,2,2,2
1,29,16,2,2,2
1,29,16,2,2,2
1,29,17,2,1,1
1,29,17,2,2,2
1,29,18,2,2,2
1,29,182,2,3,3
1,29,2,2,2,2
1,29,2,2,2,2
1,29,2,2,2,2
1,29,24,2,2,2
1,29,24,2,2,2
1,29,24,2,2,2
1,29,256,2,8,4
1,29,26,2,1,1
1,29,26,2,1,1
1,29,26,2,1,1
1,29,26,2,1,1
1,29,261,2,7,4
1,29,27,2,0,0
1,29,27,2,0,0
1,29,506,2,11,5
1,29,52,2,6,4
1,29,547,2,10,4
1,29,70,2,15,13
1,29,8,2,4,3
1,29,9,2,3,2
1,29,9,2,3,2
1,290,265,2,9,4
1,290,362,2,7,4
1,290,402,2,12,5
1,290,415,2,9,5
1,290,74,2,4,3
1,291,270,2,5,4
1,291,487,2,7,3
1,291,521,2,7,5
1,292,219,2,9,6
1,292,269,2,10,5
1,292,503,2,3,2
1,293,403,2,7,4
1,293,551,2,7,4
1,294,133,2,10,5
1,294,224,2,14,7
1,294,514,2,6,4
1,294,81,2,8,3
1,295,128,2,9,5
1,295,232,2,8,7
1,295,76,2,6,2
1,296,112,2,7,4
1,296,226,2,13,9
1,296,487,2,4,3
1,296,71,2,8,4
1,297,101,2,5,4
1,297,231,2,12,11
1,297,250,2,7,4
1,297,362,2,8,4
1,297,539,2,9,4
1,298,236,2,8,5
1,298,522,2,7,4
1,298,86,2,7,3
1,299,214,2,11,8
1,299,371,2,6,3
1,299,89,2,5,3
1,3,102,2,8,4
1,3,14,2,4,3
1,3,161,2,15,6
1,3,195,2,4,4
1,3,20,2,8,4
1,3,21,2,5,2
1,3,21,2,5,2
1,3,21,2,5,2
1,3,211,2,12,4
1,3,221,2,8,3
1,3,26,2,6,5
1,3,29,2,13,13
1,3,43,2,3,3
1,3,43,2,3,3
1,3,45,2,4,4
1,3,542,2,16,6
1,3,69,2,15,4
1,3,71,2,15,4
1,3,73,2,16,4
1,3,77,2,16,4
1,3,77,2,7,3
1,3,98,2,4,3
1,30,0,2,14,12
1,30,0,2,14,12
1,30,0,2,14,12
1,30,1,2,13,12
1,30,1,2,13,12
1,30,10,2,8,3
1,30,11,2,11,11
1,30,11,2,11,11
1,30,11,2,3,2
1,30,16,2,4,3
1,30,16,2,4,3
1,30,16,2,4,3
1,30,174,2,11,5
1,30,18,2,4,3
1,30,18,2,5,5
1,30,180,2,8,4
1,30,187,2,3,2
1,30,19,2,12,7
1,30,2,2,11,10
1,30,2,2,11,10
1,30,235,2,7,7
1,30,24,2,4,3
1,30,24,2,4,3
1,30,25,2,4,4
1,30,25,2,4,4
1,30,25,2,4,4
1,30,27,2,2,1
1,30,3,2,12,10
1,30,351,2,20,13
1,30,45,2,16,10
1,30,536,2,10,5
1,30,72,2,3,2
1,30,78,2,17,11
1,30,8,2,13,11
1,30,8,2,13,11
1,30,80,2,8,6
1,30,81,2,22,20
1,300,270,2,5,4
1,300,379,2,6,3
1,301,130,2,6,4
1,302,131,2,9,3
1,302,355,2,4,3
1,302,402,2,10,5
1,302,506,2,3,2
1,303,125,2,5,4
1,303,210,2,9,6
1,303,254,2,9,4
1,303,267,2,10,4
1,303,270,2,6,3
1,304,351,2,14,12
1,304,373,2,4,3
1,304,402,2,8,4
1,304,542,2,6,4
1,305,129,2,8,4
1,305,369,2,5,3
1,305,383,2,4,3
1,305,394,2,7,4
1,305,412,2,7,4
1,305,524,2,4,3
1,306,234,2,9,4
1,306,275,2,10,5
1,306,350,2,4,2
1,306,368,2,6,4
1,306,371,2,6,3
1,306,553,2,6,3
1,307,110,2,6,4
1,307,123,2,5,4
1,307,224,2,7,3
1,307,411,2,9,4
1,307,415,2,6,3
1,307,523,2,6,3
1,307,89,2,3,2
1,308,123,2,7,3
1,308,259,2,5,3
1,308,352,2,3,2
1,308,385,2,6,3
1,308,74,2,2,2
1,309,131,2,8,3
1,309,233,2,6,3
1,309,389,2,5,3
1,309,498,2,3,1
1,309,499,2,5,2
1,309,503,2,2,2
1,31,0,2,13,10
1,31,0,2,13,10
1,31,0,2,13,10
1,31,0,2,13,10
1,31,1,2,13,12
1,31,1,2,13,12
1,31,1,2,13,12
1,31,1,2,13,12
1,31,10,2,10,5
1,31,11,2,11,11
1,31,15,2,4,3
1,31,16,2,2,1
1,31,16,2,5,5
1,31,17,2,2,1
1,31,17,2,4,4
1,31,170,2,5,3
1,31,175,2,4,3
1,31,18,2,5,5
1,31,18,2,5,5
1,31,18,2,5,5
1,31,19,2,14,8
1,31,19,2,14,8
1,31,19,2,14,8
1,31,191,2,3,3
1,31,2,2,12,10
1,31,20,2,6,4
1,31,23,2,6,5
1,31,24,2,5,5
1,31,24,2,5,5
1,31,25,2,2,0
1,31,25,2,5,5
1,31,25,2,7,5
1,31,27,2,3,2
1,31,27,2,3,2
1,31,27,2,3,2
1,31,27,2,3,2
1,31,3,2,12,10
1,31,41,2,6,5
1,31,49,2,6,4
1,31,49,2,6,4
1,31,49,2,6,4
1,31,50,2,9,5
1,31,50,2,9,5
1,31,547,2,9,4
1,31,69,2,15,14
1,31,7,2,3,3
1,31,73,2,2,2
1,31,75,2,16,13
1,31,77,2,4,2
1,31,8,2,13,8
1,31,8,2,13,8
1,31,8,2,13,8
1,31,8,2,13,8
1,31,81,2,8,6
1,31,92,2,4,2
1,31,98,2,4,3
1,310,117,2,6,4
1,310,129,2,5,4
1,310,275,2,6,4
1,310,276,2,15,4
1,310,389,2,8,3
1,310,78,2,3,1
1,311,114,2,5,3
1,311,132,2,6,3
1,311,234,2,4,4
1,311,378,2,5,3
1,312,101,2,8,3
1,312,221,2,13,6
1,312,258,2,8,4
1,312,390,2,6,3
1,312,399,2,6,4
1,312,407,2,4,3
1,313,372,2,10,4
1,314,276,2,14,4
1,314,538,2,4,3
1,315,370,2,6,3
1,315,541,2,6,3
1,317,209,2,7,5
1,317,238,2,9,6
1,317,256,2,9,4
1,317,273,2,10,4
1,317,536,2,7,3
1,318,245,2,5,4
1,318,261,2,6,4
1,318,517,2,3,2
1,319,130,2,9,5
1,319,249,2,8,4
1,32,0,2,13,10
1,32,0,2,13,10
1,32,0,2,13,10
1,32,0,2,13,10
1,32,0,2,13,10
1,32,0,2,13,10
1,32,1,2,13,12
1,32,1,2,13,12
1,32,1,2,13,12
1,32,10,2,9,5
1,32,102,2,5,5
1,32,103,2,5,4
1,32,11,2,11,11
1,32,112,2,6,3
1,32,16,2,5,5
1,32,16,2,5,5
1,32,16,2,5,5
1,32,17,2,4,4
1,32,17,2,4,4
1,32,178,2,4,3
1,32,18,2,5,5
1,32,18,2,5,5
1,32,18,2,5,5
1,32,18,2,5,5
1,32,19,2,10,8
1,32,19,2,10,8
1,32,19,2,10,8
1,32,19,2,10,8
1,32,236,2,11,6
1,32,24,2,5,5
1,32,25,2,5,5
1,32,26,2,4,4
1,32,26,2,4,4
1,32,26,2,4,4
1,32,27,2,3,2
1,32,274,2,4,3
1,32,3,2,12,10
1,32,43,2,4,3
1,32,43,2,4,3
1,32,51,2,7,4
1,32,53,2,6,4
1,32,551,2,6,5
1,32,68,2,3,1
1,32,78,2,16,10
1,32,8,2,14,8
1,32,8,2,14,8
1,32,82,2,17,10
1,320,238,2,9,3
1,320,263,2,7,4
1,320,515,2,4,2
1,321,234,2,9,6
1,321,378,2,4,3
1,321,382,2,5,3
1,321,401,2,7,4
1,321,89,2,3,2
1,322,104,2,4,3
1,322,223,2,9,7
1,322,79,2,3,1
1,323,132,2,8,3
1,323,235,2,5,3
1,323,245,2,5,3
1,323,406,2,5,3
1,323,544,2,5,3
1,324,370,2,3,2
1,324,544,2,5,3
1,325,233,2,4,3
1,325,385,2,5,3
1,325,74,2,2,2
1,326,347,2,5,3
1,326,357,2,4,3
1,326,513,2,2,1
1,327,227,2,7,2
1,327,232,2,4,3
1,327,260,2,7,3
1,327,350,2,1,1
1,327,404,2,6,3
1,327,524,2,3,2
1,327,548,2,4,3
1,327,69,2,4,3
1,327,80,2,4,3
1,327,96,2,6,3
1,328,227,2,8,6
1,328,370,2,4,3
1,328,500,2,3,2
1,328,83,2,2,2
1,329,108,2,6,3
1,329,413,2,5,3
1,329,540,2,6,3
1,329,99,2,4,3
1,33,100,2,3,2
1,33,103,2,5,4
1,33,128,2,3,2
1,33,14,2,5,2
1,33,167,2,4,3
1,33,190,2,4,3
1,33,252,2,3,3
1,33,405,2,14,4
1,33,41,2,3,3
1,33,47,2,4,3
1,33,499,2,6,3
1,33,52,2,7,4
1,33,53,2,6,4
1,33,60,2,3,2
1,33,69,2,14,13
1,33,75,2,2,1
1,33,79,2,17,11
1,33,80,2,7,6
1,33,82,2,17,10
1,33,82,2,17,10
1,33,9,2,2,1
1,330,233,2,6,3
1,331,136,2,8,4
1,331,401,2,6,3
1,331,486,2,1,1
1,331,90,2,7,6
1,332,103,2,3,2
1,332,493,2,3,3
1,333,155,2,7,3
1,333,320,2,4,2
1,334,243,2,5,3
1,334,261,2,7,3
1,334,265,2,5,3
1,334,349,2,4,2
1,334,373,2,3,2
1,334,66,2,11,6
1,335,121,2,6,3
1,335,359,2,2,2
1,335,508,2,5,3
1,335,518,2,3,2
1,335,99,2,5,3
1,336,255,2,8,3
1,336,267,2,7,3
1,336,382,2,4,2
1,336,518,2,3,2
1,336,537,2,4,2
1,336,73,2,2,1
1,337,122,2,8,4
1,337,245,2,5,3
1,337,273,2,6,3
1,337,520,2,4,2
1,338,109,2,5,3
1,338,127,2,5,3
1,338,223,2,6,6
1,338,272,2,7,3
1,339,378,2,2,2
1,34,101,2,3,3
1,34,184,2,4,2
1,34,193,2,3,2
1,34,22,2,3,2
1,34,46,2,4,3
1,34,47,2,4,3
1,34,516,2,8,4
1,34,69,2,14,13
1,34,77,2,15,9
1,34,77,2,15,9
1,34,78,2,15,10
1,34,82,2,1,1
1,34,93,2,3,2
1,340,106,2,5,3
1,340,408,2,4,2
1,340,409,2,6,3
1,340,517,2,2,1
1,341,130,2,6,3
1,341,367,2,3,1
1,341,526,2,4,2
1,341,99,2,4,3
1,342,113,2,6,2
1,342,258,2,7,4
1,342,273,2,5,4
1,342,88,2,8,3
1,343,81,2,3,2
1,344,137,2,7,4
1,344,210,2,8,5
1,344,271,2,6,3
1,344,364,2,3,1
1,344,368,2,3,2
1,344,381,2,5,2
1,344,384,2,6,2
1,344,515,2,3,2
1,345,383,2,5,3
1,345,522,2,6,3
1,345,96,2,4,2
1,346,13,2,6,3
1,346,35,2,7,3
1,346,41,2,7,3
1,346,44,2,7,3
1,347,158,2,6,4
1,347,27,2,6,3
1,347,337,2,7,6
1,348,318,2,3,2
1,348,326,2,3,2
1,348,477,2,2,1
1,349,291,2,9,3
1,349,37,2,9,5
1,349,466,2,2,1
1,35,101,2,3,3
1,35,103,2,5,4
1,35,103,2,5,4
1,35,125,2,3,2
1,35,15,2,2,2
1,35,16,2,2,2
1,35,17,2,2,2
1,35,182,2,9,4
1,35,20,2,4,2
1,35,26,2,5,4
1,35,392,2,5,4
1,35,45,2,13,9
1,35,501,2,6,4
1,35,502,2,4,3
1,35,53,2,5,4
1,35,68,2,11,9
1,35,7,2,4,3
1,35,71,2,13,12
1,35,72,2,14,11
1,35,78,2,14,10
1,350,1,2,6,3
1,350,450,2,5,1
1,350,462,2,3,1
1,350,468,2,1,1
1,351,143,2,8,3
1,351,284,2,4,2
1,351,424,2,4,2
1,352,185,2,3,2
1,352,302,2,5,2
1,352,453,2,1,1
1,353,145,2,8,3
1,353,170,2,7,3
1,353,26,2,4,3
1,353,40,2,4,2
1,353,477,2,2,1
1,354,182,2,7,3
1,355,138,2,7,3
1,355,202,2,55,41
1,355,319,2,6,2
1,355,345,2,2,2
1,355,431,2,3,2
1,356,204,2,5,2
1,356,311,2,4,2
1,356,39,2,7,3
1,356,68,2,6,3
1,357,185,2,6,3
1,357,423,2,7,4
1,358,200,2,5,2
1,359,148,2,8,3
1,359,34,2,5,3
1,359,60,2,7,3
1,36,10,2,5,2
1,36,110,2,4,3
1,36,134,2,6,3
1,36,182,2,3,3
1,36,25,2,4,3
1,36,26,2,4,3
1,36,357,2,7,3
1,36,48,2,2,2
1,36,51,2,5,3
1,36,530,2,7,4
1,36,539,2,10,4
1,36,6,2,4,2
1,36,74,2,3,3
1,36,77,2,3,2
1,36,81,2,2,2
1,360,449,2,4,2
1,360,48,2,6,2
1,360,8,2,6,3
1,361,202,2,55,42
1,361,57,2,26,13
1,362,294,2,6,3
1,362,300,2,6,2
1,362,328,2,7,6
1,362,463,2,1,1
1,363,155,2,9,4
1,363,299,2,6,3
1,363,55,2,3,2
1,363,60,2,3,1
1,365,25,2,9,3
1,365,316,2,4,2
1,365,442,2,5,2
1,365,51,2,4,2
1,367,290,2,6,3
1,367,3,2,7,4
1,367,322,2,5,2
1,367,449,2,2,2
1,368,186,2,4,2
1,368,466,2,2,2
1,368,63,2,26,16
1,369,142,2,9,4
1,369,20,2,8,4
1,37,104,2,3,3
1,37,14,2,2,1
1,37,177,2,9,5
1,37,181,2,8,4
1,37,22,2,2,1
1,37,24,2,2,1
1,37,3,2,5,3
1,37,361,2,11,4
1,37,387,2,8,4
1,37,408,2,8,4
1,37,47,2,2,2
1,37,53,2,3,3
1,37,59,2,6,3
1,37,72,2,2,2
1,37,73,2,21,16
1,37,78,2,3,3
1,37,80,2,4,3
1,37,80,2,4,3
1,37,82,2,7,7
1,370,176,2,9,4
1,370,321,2,4,3
1,370,336,2,4,2
1,370,436,2,8,4
1,371,142,2,14,4
1,371,194,2,15,3
1,371,22,2,11,4
1,372,172,2,7,3
1,372,305,2,5,3
1,372,330,2,5,5
1,372,416,2,8,4
1,372,468,2,2,2
1,373,158,2,5,5
1,373,165,2,12,3
1,373,205,2,5,2
1,373,280,2,8,4
1,373,305,2,4,3
1,373,483,2,2,2
1,374,150,2,7,4
1,374,327,2,4,4
1,375,162,2,4,4
1,375,168,2,5,4
1,375,35,2,9,4
1,375,467,2,1,1
1,376,0,2,6,3
1,376,199,2,6,2
1,376,311,2,5,3
1,377,204,2,6,4
1,378,160,2,9,3
1,378,427,2,6,3
1,378,434,2,9,3
1,379,172,2,11,3
1,379,191,2,10,3
1,379,340,2,5,2
1,379,464,2,2,2
1,379,6,2,10,4
1,38,101,2,3,3
1,38,123,2,7,3
1,38,125,2,3,2
1,38,15,2,4,3
1,38,167,2,7,4
1,38,17,2,2,2
1,38,18,2,2,2
1,38,2,2,5,4
1,38,254,2,5,3
1,38,263,2,4,3
1,38,72,2,4,3
1,38,75,2,13,11
1,38,78,2,13,9
1,380,168,2,13,3
1,380,459,2,3,2
1,381,7,2,9,4
1,382,147,2,7,5
1,382,18,2,8,5
1,382,331,2,4,3
1,382,453,2,3,2
1,383,16,2,15,8
1,383,198,2,8,3
1,384,335,2,8,7
1,384,40,2,3,3
1,384,432,2,6,3
1,385,15,2,10,5
1,385,278,2,8,3
1,385,320,2,2,2
1,385,62,2,3,2
1,385,9,2,10,5
1,386,285,2,8,5
1,386,324,2,4,2
1,386,452,2,5,3
1,386,462,2,5,2
1,386,462,2,5,2
1,386,478,2,6,2
1,387,23,2,4,3
1,387,295,2,8,3
1,388,179,2,30,12
1,388,341,2,6,2
1,389,43,2,5,3
1,389,437,2,6,4
1,389,448,2,6,3
1,389,54,2,3,2
1,39,108,2,5,4
1,39,125,2,4,3
1,39,16,2,1,1
1,39,19,2,2,2
1,39,21,2,3,2
1,39,214,2,4,2
1,39,240,2,4,2
1,39,26,2,4,3
1,39,397,2,7,4
1,39,42,2,1,1
1,39,48,2,2,2
1,39,502,2,5,3
1,39,55,2,7,4
1,39,70,2,3,2
1,39,72,2,13,3
1,390,289,2,6,3
1,392,158,2,8,5
1,392,198,2,6,3
1,392,312,2,6,3
1,392,329,2,6,2
1,392,427,2,8,4
1,392,471,2,4,2
1,392,482,2,4,2
1,393,321,2,9,4
1,393,436,2,13,6
1,393,484,2,6,3
1,394,179,2,32,13
1,394,341,2,6,3
1,395,287,2,9,5
1,395,330,2,8,3
1,395,43,2,6,4
1,395,49,2,6,3
1,396,313,2,10,4
1,396,41,2,6,4
1,397,316,2,6,4
1,397,460,2,4,3
1,398,194,2,34,23
1,398,327,2,6,5
1,399,28,2,9,6
1,399,455,2,4,3
1,4,0,2,20,7
1,4,0,2,20,7
1,4,0,2,20,7
1,4,1,2,20,11
1,4,10,2,17,5
1,4,101,2,4,4
1,4,101,2,6,3
1,4,155,2,11,5
1,4,16,2,16,5
1,4,16,2,16,5
1,4,16,2,16,5
1,4,17,2,14,4
1,4,17,2,14,4
1,4,17,2,2,2
1,4,18,2,6,5
1,4,19,2,15,5
1,4,19,2,3,3
1,4,2,2,11,9
1,4,2,2,11,9
1,4,2,2,11,9
1,4,211,2,14,4
1,4,215,2,6,6
1,4,22,2,3,2
1,4,24,2,6,5
1,4,24,2,6,5
1,4,25,2,6,6
1,4,26,2,5,4
1,4,26,2,5,4
1,4,27,2,3,3
1,4,27,2,3,3
1,4,386,2,8,5
1,4,45,2,3,3
1,4,45,2,3,3
1,4,47,2,3,3
1,4,490,2,9,4
1,4,54,2,6,4
1,4,73,2,4,3
1,4,73,2,4,3
1,4,8,2,19,7
1,4,8,2,19,7
1,4,9,2,18,6
1,4,9,2,18,6
1,4,9,2,18,6
1,40,13,2,1,1
1,40,169,2,13,5
1,40,172,2,8,5
1,40,20,2,4,2
1,40,25,2,4,3
1,40,3,2,5,3
1,40,52,2,7,3
1,40,68,2,12,9
1,40,72,2,13,6
1,40,80,2,7,5
1,40,89,2,3,1
1,400,199,2,9,4
1,400,442,2,5,4
1,400,454,2,3,3
1,401,183,2,10,5
1,402,141,2,8,6
1,402,417,2,7,4
1,402,444,2,6,4
1,403,202,2,58,43
1,404,1,2,19,8
1,404,141,2,10,6
1,404,173,2,8,5
1,404,310,2,7,5
1,404,54,2,4,3
1,405,147,2,10,5
1,405,179,2,30,12
1,405,443,2,5,3
1,405,444,2,5,3
1,405,480,2,5,2
1,406,11,2,9,5
1,406,174,2,14,5
1,406,2,2,11,6
1,406,290,2,11,5
1,406,309,2,10,4
1,406,45,2,8,5
1,406,471,2,4,3
1,407,203,2,12,4
1,407,281,2,9,5
1,407,315,2,7,4
1,407,4,2,19,7
1,407,450,2,7,2
1,408,170,2,14,4
1,408,312,2,4,3
1,408,447,2,5,2
1,408,460,2,4,3
1,408,473,2,4,3
1,409,199,2,6,3
1,409,285,2,9,5
1,409,33,2,8,7
1,409,480,2,6,3
1,409,5,2,6,6
1,409,9,2,9,5
1,41,10,2,2,1
1,41,100,2,3,2
1,41,11,2,1,1
1,41,115,2,11,5
1,41,116,2,5,5
1,41,234,2,5,3
1,41,270,2,3,3
1,41,28,2,6,3
1,41,31,2,5,3
1,41,39,2,1,1
1,41,399,2,7,4
1,41,4,2,2,2
1,41,533,2,9,4
1,41,57,2,3,3
1,41,6,2,3,2
1,41,9,2,1,1
1,41,91,2,4,3
1,41,95,2,6,4
1,410,180,2,10,4
1,410,282,2,11,5
1,410,421,2,8,4
1,411,193,2,6,4
1,411,445,2,4,3
1,411,476,2,3,3
1,412,200,2,7,3
1,412,323,2,5,3
1,412,33,2,8,7
1,413,177,2,9,4
1,413,305,2,7,4
1,414,145,2,12,6
1,414,336,2,7,3
1,414,417,2,7,4
1,414,426,2,5,4
1,414,436,2,10,5
1,415,17,2,10,6
1,415,306,2,9,4
1,416,103,2,8,4
1,416,212,2,12,7
1,416,228,2,16,12
1,416,357,2,7,5
1,416,366,2,6,3
1,416,535,2,8,4
1,417,128,2,10,5
1,417,347,2,7,3
1,417,404,2,7,4
1,417,406,2,8,4
1,417,502,2,5,2
1,417,520,2,7,3
1,418,239,2,8,5
1,418,255,2,12,6
1,418,396,2,10,5
1,418,523,2,9,4
1,418,79,2,4,3
1,419,407,2,6,3
1,42,128,2,4,4
1,42,170,2,6,5
1,42,227,2,4,1
1,42,27,2,5,3
1,42,27,2,5,3
1,42,31,2,5,3
1,42,35,2,2,2
1,42,394,2,6,3
1,42,40,2,2,2
1,42,5,2,2,2
1,42,508,2,5,3
1,42,57,2,3,3
1,42,58,2,3,3
1,42,62,2,2,2
1,42,67,2,7,4
1,42,87,2,5,3
1,42,88,2,1,1
1,42,94,2,6,4
1,420,129,2,10,5
1,420,211,2,10,7
1,420,240,2,8,5
1,420,256,2,9,5
1,420,380,2,5,4
1,421,125,2,10,4
1,421,85,2,5,3
1,421,88,2,3,3
1,422,209,2,6,4
1,422,247,2,12,10
1,422,382,2,7,3
1,422,486,2,4,2
1,422,551,2,7,4
1,422,76,2,4,3
1,423,388,2,7,4
1,423,391,2,6,4
1,424,243,2,8,7
1,424,256,2,8,5
1,424,524,2,5,3
1,424,524,2,5,3
1,424,78,2,4,2
1,425,255,2,14,5
1,425,406,2,7,4
1,425,486,2,2,2
1,425,503,2,3,3
1,425,530,2,6,2
1,425,73,2,7,2
1,426,120,2,12,5
1,427,234,2,10,8
1,427,370,2,7,4
1,428,130,2,10,6
1,428,130,2,10,6
1,429,239,2,8,5
1,429,363,2,6,4
1,429,392,2,6,4
1,429,513,2,5,3
1,429,66,2,9,8
1,43,117,2,6,3
1,43,12,2,1,1
1,43,244,2,6,2
1,43,397,2,8,4
1,43,523,2,7,4
1,43,66,2,4,3
1,43,83,2,5,4
1,43,85,2,3,1
1,43,91,2,4,3
1,43,94,2,7,4
1,43,95,2,7,4
1,43,96,2,3,2
1,430,377,2,6,4
1,430,517,2,5,3
1,430,525,2,5,4
1,430,552,2,7,4
1,430,95,2,7,5
1,431,225,2,14,11
1,431,402,2,10,4
1,431,536,2,7,4
1,432,110,2,7,4
1,432,518,2,5,3
1,432,519,2,4,3
1,432,519,2,4,3
1,433,401,2,8,4
1,433,407,2,6,3
1,433,412,2,8,4
1,433,502,2,4,2
1,433,549,2,10,4
1,433,89,2,5,3
1,434,135,2,9,5
1,434,384,2,10,4
1,434,516,2,6,4
1,435,100,2,7,4
1,435,122,2,9,5
1,435,126,2,9,4
1,435,234,2,7,4
1,435,244,2,7,4
1,436,235,2,10,5
1,436,410,2,10,5
1,436,414,2,12,4
1,437,102,2,6,4
1,437,114,2,7,4
1,437,117,2,12,5
1,437,209,2,7,7
1,437,378,2,6,3
1,437,402,2,9,5
1,437,497,2,5,3
1,437,509,2,9,3
1,437,537,2,10,4
1,437,544,2,8,4
1,438,130,2,10,6
1,438,498,2,3,2
1,439,245,2,6,4
1,439,266,2,8,3
1,439,402,2,7,3
1,439,503,2,1,1
1,439,70,2,6,3
1,44,1,2,4,3
1,44,115,2,7,4
1,44,12,2,1,1
1,44,3,2,5,3
1,44,31,2,5,3
1,44,33,2,3,2
1,44,37,2,1,1
1,44,375,2,11,4
1,44,39,2,1,1
1,44,499,2,8,3
1,44,514,2,10,4
1,44,55,2,3,3
1,44,58,2,5,3
1,44,61,2,3,2
1,44,62,2,2,2
1,44,67,2,6,4
1,44,88,2,3,3
1,44,91,2,4,3
1,44,93,2,2,2
1,44,96,2,2,2
1,440,241,2,4,2
1,440,513,2,2,1
1,440,525,2,3,2
1,441,241,2,4,2
1,442,212,2,13,6
1,442,267,2,9,4
1,442,369,2,4,4
1,442,410,2,4,4
1,442,508,2,4,3
1,442,529,2,5,3
1,442,532,2,6,4
1,442,92,2,6,4
1,443,252,2,4,3
1,443,389,2,3,2
1,443,510,2,2,2
1,444,261,2,7,4
1,444,542,2,6,4
1,445,221,2,5,3
1,445,517,2,2,2
1,445,533,2,6,3
1,445,91,2,5,2
1,446,261,2,4,4
1,446,264,2,7,4
1,446,269,2,7,4
1,446,380,2,3,3
1,447,381,2,4,2
1,447,383,2,3,2
1,447,88,2,9,3
1,447,93,2,5,3
1,448,229,2,13,10
1,448,546,2,7,4
1,449,112,2,8,4
1,449,261,2,7,4
1,449,346,2,4,2
1,449,411,2,8,4
1,449,513,2,3,2
1,45,125,2,5,3
1,45,29,2,5,3
1,45,30,2,5,4
1,45,34,2,3,3
1,45,34,2,3,3
1,45,379,2,6,4
1,45,39,2,2,2
1,45,61,2,4,4
1,45,64,2,20,3
1,45,67,2,6,4
1,45,8,2,2,2
1,45,8,2,4,3
1,45,84,2,4,4
1,45,91,2,14,13
1,450,493,2,1,1
1,450,533,2,6,2
1,451,108,2,8,4
1,451,128,2,8,5
1,451,403,2,7,3
1,451,520,2,7,3
1,451,543,2,7,4
1,451,544,2,6,3
1,452,360,2,3,2
1,452,408,2,6,3
1,452,99,2,6,4
1,453,209,2,3,2
1,453,414,2,6,2
1,453,99,2,6,3
1,454,363,2,3,2
1,454,532,2,6,3
1,455,105,2,6,3
1,455,239,2,5,3
1,455,266,2,8,3
1,455,354,2,2,2
1,455,536,2,8,3
1,456,132,2,10,4
1,456,136,2,9,5
1,456,532,2,6,4
1,456,98,2,9,4
1,457,136,2,7,5
1,457,265,2,7,4
1,457,373,2,4,3
1,457,378,2,3,3
1,457,90,2,9,7
1,458,104,2,5,4
1,458,360,2,3,2
1,458,385,2,4,3
1,458,540,2,7,4
1,459,276,2,5,3
1,459,362,2,3,2
1,459,401,2,6,3
1,46,136,2,5,2
1,46,217,2,2,1
1,46,3,2,6,4
1,46,3,2,6,4
1,46,36,2,2,2
1,46,397,2,4,2
1,46,4,2,6,4
1,46,514,2,5,2
1,46,84,2,6,4
1,46,86,2,6,4
1,46,87,2,6,3
1,46,93,2,3,2
1,460,210,2,9,6
1,460,539,2,9,3
1,461,349,2,3,2
1,461,398,2,6,3
1,461,403,2,4,2
1,461,519,2,2,2
1,461,542,2,5,3
1,462,104,2,7,3
1,463,111,2,6,3
1,463,258,2,4,2
1,464,110,2,5,3
1,464,266,2,8,3
1,464,516,2,3,2
1,464,99,2,4,3
1,465,496,2,1,1
1,465,518,2,3,2
1,466,208,2,4,2
1,466,248,2,4,2
1,466,409,2,6,3
1,467,134,2,5,3
1,467,366,2,3,1
1,467,528,2,3,2
1,467,529,2,4,2
1,467,530,2,1,1
1,468,224,2,3,2
1,468,253,2,6,2
1,468,539,2,5,3
1,468,98,2,5,3
1,469,117,2,5,4
1,469,248,2,3,2
1,469,357,2,3,2
1,469,359,2,1,1
1,469,360,2,3,1
1,469,511,2,3,2
1,469,552,2,3,2
1,47,11,2,2,1
1,47,185,2,5,4
1,47,185,2,5,4
1,47,212,2,2,1
1,47,228,2,1,1
1,47,229,2,2,1
1,47,32,2,4,3
1,47,37,2,2,2
1,47,39,2,2,2
1,47,55,2,5,4
1,47,551,2,4,3
1,47,57,2,5,4
1,47,60,2,4,3
1,47,61,2,5,3
1,47,8,2,5,4
1,47,87,2,4,3
1,47,87,2,4,3
1,47,9,2,2,2
1,470,228,2,3,2
1,470,271,2,5,3
1,470,353,2,2,1
1,470,499,2,2,1
1,470,532,2,4,3
1,470,76,2,5,3
1,471,112,2,3,3
1,471,250,2,6,2
1,471,401,2,6,3
1,472,236,2,3,2
1,472,237,2,3,1
1,472,373,2,2,1
1,472,381,2,3,1
1,472,525,2,2,1
1,473,121,2,6,3
1,473,134,2,5,3
1,473,223,2,4,2
1,473,235,2,5,2
1,473,537,2,4,2
1,474,208,2,4,2
1,474,255,2,8,3
1,474,361,2,2,2
1,474,368,2,3,2
1,475,208,2,3,2
1,475,211,2,3,2
1,475,521,2,3,2
1,475,82,2,6,2
1,476,132,2,7,3
1,476,213,2,4,2
1,476,220,2,3,2
1,476,267,2,5,3
1,476,413,2,5,3
1,476,508,2,3,2
1,476,78,2,3,3
1,477,227,2,4,2
1,477,349,2,3,2
1,477,71,2,6,3
1,478,248,2,4,2
1,478,407,2,4,2
1,478,412,2,6,3
1,478,84,2,7,2
1,479,359,2,1,1
1,479,490,2,2,1
1,479,81,2,4,3
1,48,1,2,6,4
1,48,10,2,3,2
1,48,108,2,3,2
1,48,170,2,9,6
1,48,28,2,8,5
1,48,30,2,6,5
1,48,37,2,2,2
1,48,37,2,2,2
1,48,498,2,5,1
1,48,61,2,4,4
1,48,68,2,6,4
1,48,90,2,3,3
1,48,97,2,3,2
1,480,124,2,6,3
1,480,395,2,5,3
1,480,410,2,6,3
1,480,513,2,2,1
1,481,249,2,5,2
1,481,407,2,4,2
1,481,506,2,2,1
1,481,548,2,4,3
1,481,93,2,5,3
1,481,94,2,4,3
1,482,549,2,3,3
1,483,493,2,1,1
1,483,521,2,3,2
1,484,114,2,6,3
1,484,249,2,5,3
1,484,375,2,6,2
1,484,71,2,6,3
1,484,89,2,5,3
1,485,158,2,4,3
1,485,198,2,4,2
1,485,314,2,5,2
1,486,182,2,6,2
1,486,191,2,2,2
1,486,280,2,5,2
1,486,292,2,5,2
1,486,341,2,3,1
1,486,458,2,2,2
1,487,13,2,6,3
1,487,175,2,5,3
1,487,190,2,4,2
1,488,170,2,6,2
1,488,287,2,5,3
1,488,317,2,4,2
1,488,439,2,3,1
1,488,48,2,6,2
1,489,291,2,5,3
1,489,306,2,5,2
1,489,337,2,2,1
1,489,462,2,3,1
1,49,107,2,5,2
1,49,192,2,6,2
1,49,251,2,4,2
1,49,257,2,5,2
1,49,264,2,5,3
1,49,273,2,4,2
1,49,3,2,6,4
1,49,31,2,7,4
1,49,34,2,4,3
1,49,35,2,4,3
1,49,4,2,5,3
1,49,40,2,4,3
1,49,496,2,4,2
1,49,511,2,6,3
1,49,522,2,4,3
1,49,58,2,4,4
1,49,6,2,5,3
1,49,63,2,4,4
1,49,65,2,7,7
1,49,65,2,7,7
1,49,7,2,5,5
1,49,8,2,2,2
1,49,83,2,5,4
1,49,84,2,5,4
1,49,91,2,15,13
1,490,206,2,4,2
1,490,296,2,7,3
1,490,59,2,7,2
1,491,16,2,8,3
1,491,200,2,6,2
1,491,30,2,8,3
1,491,315,2,3,2
1,491,316,2,4,2
1,491,484,2,1,1
1,492,162,2,3,2
1,492,428,2,4,2
1,492,433,2,3,2
1,492,452,2,2,1
1,492,467,2,1,0
1,492,477,2,1,0
1,493,438,2,4,3
1,493,457,2,2,2
1,494,152,2,7,3
1,494,154,2,5,3
1,494,184,2,4,3
1,494,20,2,5,4
1,494,472,2,1,1
1,495,293,2,5,3
1,495,418,2,4,3
1,495,427,2,6,3
1,495,48,2,6,2
1,495,53,2,5,3
1,496,153,2,5,2
1,496,162,2,3,1
1,496,205,2,5,2
1,496,280,2,6,2
1,496,293,2,4,2
1,496,318,2,2,1
1,496,472,2,0,0
1,496,473,2,1,0
1,497,283,2,4,3
1,497,416,2,5,3
1,498,167,2,5,2
1,498,176,2,2,2
1,498,180,2,3,1
1,498,284,2,2,1
1,498,436,2,3,2
1,498,439,2,2,1
1,499,13,2,6,3
1,499,183,2,6,2
1,499,455,2,3,1
1,499,458,2,4,2
1,499,460,2,4,2
1,499,471,2,2,1
1,5,1,2,20,12
1,5,1,2,20,12
1,5,1,2,20,12
1,5,101,2,4,4
1,5,13,2,1,1
1,5,149,2,12,6
1,5,16,2,6,5
1,5,16,2,6,5
1,5,16,2,6,5
1,5,17,2,6,4
1,5,17,2,6,4
1,5,17,2,6,4
1,5,19,2,6,5
1,5,199,2,6,3
1,5,2,2,12,11
1,5,2,2,12,11
1,5,215,2,3,2
1,5,216,2,8,6
1,5,23,2,4,3
1,5,24,2,6,5
1,5,24,2,6,5
1,5,24,2,6,5
1,5,24,2,6,5
1,5,24,2,6,5
1,5,25,2,6,6
1,5,25,2,6,6
1,5,26,2,5,4
1,5,26,2,5,4
1,5,26,2,5,4
1,5,26,2,5,4
1,5,265,2,5,3
1,5,27,2,4,3
1,5,27,2,4,3
1,5,27,2,4,3
1,5,28,2,3,3
1,5,3,2,12,12
1,5,40,2,4,3
1,5,404,2,6,4
1,5,50,2,5,4
1,5,514,2,8,4
1,5,82,2,6,4
1,5,88,2,26,18
1,5,9,2,6,6
1,50,12,2,4,3
1,50,2,2,5,4
1,50,237,2,2,2
1,50,270,2,2,2
1,50,28,2,9,6
1,50,31,2,8,6
1,50,35,2,5,4
1,50,35,2,5,4
1,50,353,2,4,2
1,50,40,2,5,4
1,50,401,2,5,3
1,50,61,2,6,5
1,50,65,2,5,3
1,50,65,2,5,3
1,50,65,2,7,7
1,50,7,2,5,5
1,50,70,2,21,19
1,50,71,2,3,1
1,50,73,2,21,17
1,50,75,2,18,12
1,50,88,2,4,4
1,50,96,2,4,4
1,500,304,2,3,2
1,500,418,2,5,3
1,501,473,2,2,1
1,502,158,2,4,3
1,502,17,2,6,3
1,502,23,2,7,3
1,502,308,2,3,2
1,502,328,2,3,2
1,503,283,2,4,3
1,503,444,2,3,2
1,504,18,2,8,3
1,504,297,2,7,3
1,505,164,2,4,2
1,505,189,2,3,2
1,505,199,2,4,2
1,505,21,2,8,3
1,505,471,2,2,1
1,506,173,2,6,2
1,506,186,2,6,2
1,506,202,2,4,2
1,506,58,2,4,2
1,507,168,2,4,2
1,507,24,2,6,3
1,507,425,2,4,2
1,507,441,2,5,1
1,508,13,2,7,5
1,509,194,2,3,2
1,509,459,2,5,1
1,509,50,2,5,2
1,51,16,2,4,4
1,51,167,2,8,6
1,51,183,2,8,4
1,51,29,2,6,4
1,51,36,2,4,3
1,51,369,2,4,2
1,51,37,2,3,3
1,51,37,2,3,3
1,51,535,2,6,3
1,51,63,2,6,6
1,51,66,2,8,6
1,51,68,2,8,6
1,510,1,2,7,4
1,510,192,2,12,3
1,510,292,2,8,4
1,510,302,2,6,3
1,510,443,2,2,2
1,510,476,2,2,1
1,511,141,2,8,5
1,512,424,2,5,3
1,513,148,2,8,3
1,513,293,2,5,3
1,513,310,2,3,2
1,513,49,2,5,3
1,514,168,2,6,4
1,515,138,2,7,3
1,515,157,2,8,3
1,516,179,2,7,3
1,516,202,2,60,43
1,516,203,2,9,3
1,516,306,2,6,3
1,516,328,2,4,3
1,516,442,2,4,3
1,516,458,2,6,3
1,516,480,2,4,2
1,516,9,2,10,4
1,517,149,2,6,3
1,517,169,2,3,2
1,517,173,2,6,3
1,517,313,2,5,2
1,517,32,2,5,3
1,517,340,2,3,1
1,517,341,2,3,1
1,517,43,2,8,4
1,517,449,2,5,2
1,518,186,2,5,3
1,518,343,2,4,3
1,519,1,2,8,4
1,519,183,2,8,3
1,519,196,2,7,3
1,519,310,2,5,3
1,519,438,2,6,4
1,519,452,2,3,3
1,519,47,2,4,3
1,519,471,2,3,2
1,52,1,2,6,5
1,52,120,2,5,2
1,52,232,2,3,2
1,52,244,2,3,1
1,52,28,2,8,5
1,52,31,2,8,5
1,52,32,2,6,4
1,52,34,2,4,4
1,52,499,2,5,3
1,52,57,2,6,4
1,52,61,2,6,4
1,52,74,2,19,3
1,52,80,2,19,13
1,52,84,2,6,5
1,52,92,2,2,1
1,52,96,2,4,4
1,520,433,2,5,3
1,520,465,2,3,2
1,520,7,2,7,4
1,521,4,2,9,5
1,521,57,2,29,15
1,522,12,2,9,5
1,522,3,2,9,5
1,522,312,2,5,3
1,522,51,2,6,3
1,523,36,2,9,4
1,524,14,2,13,5
1,524,143,2,9,4
1,524,165,2,7,3
1,524,177,2,6,3
1,524,182,2,6,4
1,524,30,2,20,6
1,524,428,2,4,3
1,524,430,2,5,4
1,525,436,2,8,4
1,525,450,2,6,2
1,525,460,2,6,3
1,525,54,2,6,4
1,526,169,2,4,3
1,526,308,2,5,3
1,526,32,2,7,4
1,527,190,2,11,3
1,527,4,2,8,5
1,527,8,2,8,4
1,528,201,2,5,3
1,528,316,2,5,3
1,528,323,2,3,2
1,528,326,2,4,2
1,529,437,2,6,4
1,53,120,2,10,6
1,53,120,2,6,2
1,53,127,2,10,4
1,53,16,2,4,4
1,53,262,2,5,3
1,53,3,2,7,5
1,53,30,2,7,5
1,53,39,2,4,3
1,53,4,2,7,4
1,53,404,2,4,3
1,53,407,2,7,3
1,53,408,2,5,3
1,53,521,2,9,3
1,53,534,2,6,3
1,53,549,2,8,4
1,53,87,2,5,4
1,53,88,2,1,1
1,53,93,2,4,3
1,530,166,2,4,2
1,530,422,2,7,2
1,530,433,2,3,2
1,531,166,2,9,5
1,531,203,2,12,5
1,531,38,2,6,4
1,531,451,2,10,4
1,531,46,2,5,3
1,532,11,2,13,6
1,532,28,2,12,7
1,532,313,2,11,4
1,532,321,2,5,4
1,533,151,2,10,4
1,533,198,2,10,4
1,533,342,2,6,3
1,533,41,2,6,4
1,533,425,2,7,4
1,534,31,2,11,6
1,534,319,2,9,3
1,534,335,2,5,4
1,535,195,2,11,5
1,535,314,2,8,8
1,535,457,2,5,3
1,535,59,2,30,15
1,536,28,2,15,7
1,536,313,2,8,3
1,536,316,2,8,3
1,536,329,2,6,2
1,536,484,2,3,3
1,537,145,2,10,5
1,537,156,2,7,4
1,538,180,2,6,5
1,538,28,2,11,7
1,538,318,2,5,3
1,538,434,2,8,4
1,538,463,2,2,1
1,539,148,2,10,5
1,539,292,2,9,5
1,539,319,2,8,3
1,54,121,2,12,4
1,54,15,2,5,4
1,54,220,2,2,1
1,54,224,2,2,2
1,54,25,2,6,2
1,54,31,2,9,7
1,54,523,2,5,3
1,54,533,2,5,3
1,54,545,2,8,4
1,54,6,2,7,4
1,54,67,2,9,6
1,54,8,2,4,3
1,54,84,2,7,6
1,54,84,2,7,6
1,54,86,2,8,6
1,54,89,2,14,13
1,54,89,2,14,13
1,540,158,2,7,5
1,540,279,2,9,5
1,540,344,2,7,3
1,541,171,2,6,4
1,541,283,2,7,4
1,541,295,2,6,3
1,542,313,2,8,4
1,542,62,2,10,3
1,543,152,2,13,5
1,543,298,2,9,5
1,543,441,2,10,3
1,544,188,2,10,4
1,544,310,2,8,4
1,544,318,2,5,3
1,544,468,2,5,3
1,544,52,2,5,4
1,545,162,2,12,5
1,545,341,2,7,3
1,545,457,2,9,4
1,546,168,2,10,5
1,546,19,2,17,8
1,546,309,2,8,4
1,546,423,2,8,4
1,546,464,2,4,3
1,546,476,2,7,3
1,546,68,2,5,4
1,547,34,2,8,6
1,547,423,2,7,3
1,548,161,2,6,4
1,548,183,2,10,4
1,548,313,2,10,4
1,548,454,2,6,3
1,548,476,2,4,3
1,549,140,2,11,5
1,549,41,2,7,5
1,549,438,2,10,5
1,55,107,2,10,6
1,55,110,2,5,4
1,55,121,2,4,2
1,55,19,2,5,4
1,55,24,2,6,4
1,55,28,2,4,2
1,55,34,2,3,2
1,55,53,2,7,5
1,55,54,2,9,6
1,55,90,2,25,25
1,550,291,2,12,5
1,551,193,2,7,4
1,551,433,2,6,4
1,551,49,2,6,3
1,552,147,2,8,4
1,552,172,2,7,5
1,552,296,2,8,4
1,552,61,2,6,3
1,553,16,2,11,5
1,553,284,2,5,4
1,553,318,2,6,3
1,553,441,2,7,3
1,553,475,2,6,3
1,554,24,2,9,4
1,554,482,2,6,2
1,56,103,2,13,6
1,56,106,2,7,6
1,56,109,2,7,6
1,56,13,2,4,2
1,56,131,2,6,2
1,56,148,2,6,4
1,56,162,2,11,6
1,56,17,2,5,3
1,56,209,2,3,2
1,56,21,2,7,4
1,56,406,2,6,3
1,56,41,2,6,4
1,56,49,2,7,4
1,56,76,2,1,1
1,56,87,2,1,1
1,56,92,2,12,8
1,56,93,2,15,5
1,56,98,2,2,2
1,57,101,2,6,4
1,57,138,2,13,11
1,57,142,2,22,8
1,57,15,2,4,3
1,57,16,2,4,3
1,57,199,2,4,3
1,57,219,2,9,5
1,57,223,2,9,6
1,57,26,2,7,6
1,57,42,2,5,4
1,57,44,2,5,4
1,57,47,2,6,4
1,57,501,2,7,2
1,57,51,2,9,5
1,57,77,2,16,10
1,57,80,2,1,1
1,57,89,2,30,23
1,58,101,2,4,3
1,58,103,2,5,4
1,58,106,2,10,6
1,58,109,2,6,4
1,58,17,2,5,3
1,58,198,2,5,3
1,58,22,2,5,4
1,58,245,2,2,1
1,58,265,2,4,2
1,58,49,2,6,4
1,58,490,2,8,3
1,58,52,2,9,6
1,58,54,2,10,6
1,58,71,2,15,13
1,58,73,2,16,14
1,58,75,2,15,13
1,58,77,2,16,10
1,58,78,2,0,0
1,58,82,2,15,11
1,58,98,2,3,3
1,59,101,2,4,3
1,59,162,2,15,6
1,59,21,2,7,5
1,59,22,2,5,4
1,59,23,2,7,5
1,59,489,2,8,2
1,59,53,2,7,5
1,59,71,2,15,13
1,6,103,2,6,4
1,6,107,2,5,5
1,6,108,2,6,5
1,6,17,2,7,5
1,6,17,2,7,5
1,6,17,2,7,5
1,6,17,2,7,5
1,6,18,2,7,6
1,6,18,2,7,6
1,6,19,2,7,6
1,6,22,2,3,2
1,6,24,2,4,3
1,6,24,2,7,6
1,6,24,2,7,6
1,6,25,2,7,7
1,6,25,2,7,7
1,6,258,2,6,4
1,6,26,2,6,5
1,6,26,2,6,5
1,6,26,2,6,5
1,6,26,2,6,5
1,6,26,2,6,5
1,6,26,2,6,5
1,6,27,2,5,4
1,6,27,2,5,4
1,6,43,2,2,2
1,6,44,2,2,2
1,6,73,2,15,3
1,6,75,2,4,4
1,6,78,2,4,4
1,6,81,2,4,4
1,6,9,2,7,7
1,6,9,2,7,7
1,6,97,2,9,3
1,60,100,2,3,3
1,60,102,2,5,5
1,60,103,2,4,4
1,60,106,2,6,6
1,60,14,2,4,2
1,60,15,2,3,2
1,60,15,2,3,2
1,60,20,2,5,3
1,60,218,2,9,5
1,60,241,2,2,2
1,60,385,2,4,2
1,60,399,2,4,3
1,60,46,2,5,4
1,60,53,2,7,7
1,60,73,2,14,13
1,60,90,2,25,25
1,60,99,2,12,8
1,61,100,2,3,3
1,61,105,2,3,3
1,61,13,2,4,1
1,61,150,2,8,4
1,61,162,2,14,6
1,61,198,2,6,3
1,61,20,2,5,3
1,61,23,2,5,4
1,61,263,2,4,3
1,61,41,2,5,4
1,61,412,2,4,3
1,61,42,2,5,4
1,61,43,2,6,3
1,61,45,2,15,10
1,61,49,2,6,3
1,61,506,2,5,3
1,61,52,2,9,4
1,61,535,2,6,3
1,61,69,2,14,13
1,62,148,2,4,4
1,62,23,2,4,4
1,62,24,2,5,4
1,62,24,2,5,4
1,62,258,2,4,2
1,62,407,2,7,2
1,62,43,2,4,3
1,62,516,2,6,2
1,62,52,2,8,4
1,62,73,2,14,13
1,62,75,2,2,1
1,62,87,2,1,1
1,63,101,2,3,2
1,63,155,2,11,5
1,63,19,2,4,4
1,63,22,2,4,4
1,63,247,2,9,7
1,63,248,2,12,5
1,63,25,2,6,5
1,63,253,2,12,6
1,63,42,2,4,4
1,63,45,2,4,3
1,63,45,2,5,5
1,63,523,2,9,3
1,63,545,2,9,4
1,63,69,2,1,1
1,63,73,2,14,13
1,63,76,2,11,10
1,64,103,2,3,3
1,64,104,2,3,3
1,64,105,2,3,3
1,64,105,2,3,3
1,64,110,2,10,5
1,64,129,2,4,3
1,64,13,2,1,1
1,64,14,2,4,2
1,64,207,2,4,3
1,64,208,2,4,3
1,64,211,2,4,3
1,64,222,2,3,1
1,64,23,2,4,4
1,64,24,2,5,4
1,64,251,2,4,2
1,64,347,2,6,2
1,64,47,2,5,3
1,64,50,2,10,5
1,64,93,2,13,4
1,64,98,2,1,1
1,65,108,2,3,2
1,65,129,2,4,3
1,65,13,2,2,1
1,65,24,2,6,4
1,65,366,2,5,2
1,65,393,2,6,3
1,65,413,2,7,3
1,65,44,2,4,3
1,65,54,2,8,5
1,65,554,2,7,3
1,65,69,2,13,12
1,65,82,2,12,10
1,65,98,2,4,4
1,66,103,2,3,3
1,66,108,2,5,4
1,66,108,2,5,4
1,66,109,2,4,3
1,66,151,2,13,5
1,66,198,2,4,1
1,66,199,2,3,2
1,66,20,2,6,3
1,66,23,2,7,4
1,66,26,2,2,2
1,66,53,2,11,6
1,66,53,2,11,6
1,67,100,2,2,2
1,67,102,2,3,3
1,67,103,2,5,5
1,67,110,2,2,2
1,67,165,2,13,5
1,67,209,2,6,4
1,67,224,2,4,1
1,67,241,2,2,2
1,67,25,2,7,4
1,67,26,2,8,5
1,67,400,2,6,3
1,67,73,2,12,12
1,67,90,2,46,24
1,68,101,2,2,2
1,68,102,2,3,3
1,68,107,2,5,4
1,68,156,2,7,4
1,68,16,2,4,2
1,68,199,2,3,2
1,68,215,2,4,4
1,68,44,2,4,3
1,68,53,2,10,6
1,68,69,2,13,12
1,69,106,2,5,4
1,69,150,2,7,3
1,69,151,2,14,4
1,69,154,2,5,3
1,69,157,2,4,3
1,69,164,2,3,2
1,69,181,2,3,1
1,69,214,2,6,4
1,69,220,2,8,4
1,69,29,2,7,3
1,69,35,2,11,5
1,69,43,2,4,2
1,69,481,2,6,2
1,69,59,2,6,6
1,69,64,2,14,9
1,69,66,2,5,3
1,69,86,2,43,26
1,69,88,2,2,2
1,69,95,2,5,3
1,69,95,2,5,3
1,69,96,2,5,4
1,7,1,2,20,14
1,7,10,2,7,5
1,7,10,2,7,5
1,7,10,2,7,5
1,7,10,2,7,5
1,7,103,2,5,5
1,7,109,2,5,2
1,7,151,2,17,6
1,7,152,2,13,5
1,7,159,2,7,6
1,7,16,2,7,5
1,7,16,2,7,5
1,7,16,2,7,5
1,7,17,2,2,2
1,7,18,2,6,5
1,7,18,2,6,5
1,7,19,2,3,2
1,7,2,2,13,9
1,7,204,2,6,5
1,7,206,2,7,5
1,7,219,2,11,6
1,7,233,2,5,3
1,7,24,2,6,5
1,7,24,2,6,5
1,7,24,2,6,5
1,7,25,2,4,3
1,7,25,2,6,6
1,7,25,2,6,6
1,7,26,2,5,4
1,7,26,2,5,4
1,7,27,2,5,3
1,7,27,2,5,3
1,7,3,2,13,9
1,7,3,2,13,9
1,7,3,2,13,9
1,7,385,2,10,5
1,7,39,2,6,5
1,7,43,2,2,2
1,7,43,2,2,2
1,7,51,2,6,3
1,7,534,2,9,6
1,7,538,2,9,5
1,70,10,2,4,2
1,70,101,2,13,5
1,70,205,2,5,3
1,70,28,2,10,5
1,70,31,2,9,5
1,70,33,2,7,4
1,70,5,2,4,3
1,70,51,2,6,5
1,70,61,2,7,4
1,70,65,2,15,6
1,70,66,2,6,4
1,71,1,2,7,4
1,71,100,2,5,3
1,71,176,2,4,3
1,71,201,2,6,3
1,71,213,2,12,5
1,71,38,2,4,1
1,71,39,2,4,2
1,71,5,2,5,3
1,71,53,2,7,5
1,71,57,2,7,5
1,71,64,2,14,9
1,71,67,2,5,4
1,71,84,2,3,3
1,71,87,2,2,2
1,71,88,2,2,2
1,71,88,2,2,2
1,71,90,2,2,2
1,72,12,2,2,2
1,72,162,2,2,1
1,72,31,2,9,4
1,72,32,2,7,3
1,72,33,2,7,3
1,72,39,2,2,2
1,72,418,2,7,3
1,72,482,2,4,2
1,72,57,2,1,1
1,72,57,2,8,5
1,72,58,2,7,6
1,72,59,2,7,6
1,72,64,2,15,13
1,72,68,2,6,4
1,72,90,2,2,2
1,73,0,2,7,4
1,73,10,2,4,2
1,73,101,2,6,4
1,73,138,2,12,10
1,73,149,2,8,4
1,73,150,2,7,3
1,73,155,2,8,4
1,73,202,2,3,2
1,73,216,2,5,4
1,73,217,2,9,4
1,73,217,2,9,4
1,73,22,2,5,2
1,73,286,2,5,2
1,73,337,2,4,1
1,73,40,2,5,3
1,73,448,2,4,2
1,73,51,2,8,6
1,73,57,2,6,5
1,73,59,2,6,6
1,73,64,2,14,9
1,73,93,2,4,4
1,73,94,2,5,3
1,73,96,2,1,1
1,73,96,2,5,5
1,74,1,2,4,3
1,74,2,2,9,4
1,74,217,2,8,4
1,74,28,2,11,5
1,74,299,2,4,2
1,74,35,2,7,4
1,74,36,2,3,3
1,74,38,2,4,2
1,74,442,2,4,3
1,74,55,2,9,7
1,74,88,2,23,16
1,74,90,2,3,3
1,74,95,2,4,4
1,74,96,2,4,3
1,75,108,2,6,3
1,75,145,2,11,3
1,75,152,2,23,5
1,75,158,2,13,4
1,75,2,2,9,4
1,75,27,2,10,5
1,75,31,2,10,5
1,75,32,2,8,4
1,75,335,2,3,2
1,75,35,2,7,4
1,75,36,2,3,3
1,75,5,2,4,4
1,75,52,2,7,3
1,75,55,2,9,7
1,75,58,2,8,7
1,75,59,2,8,7
1,75,59,2,8,7
1,75,61,2,8,5
1,75,65,2,16,7
1,75,7,2,5,4
1,75,93,2,3,2
1,75,93,2,3,2
1,76,101,2,12,4
1,76,157,2,4,3
1,76,194,2,1,1
1,76,194,2,1,1
1,76,334,2,4,2
1,76,441,2,5,2
1,76,83,2,4,4
1,76,84,2,18,17
1,76,95,2,7,4
1,77,1,2,8,4
1,77,11,2,2,2
1,77,155,2,6,3
1,77,164,2,11,4
1,77,2,2,8,4
1,77,207,2,4,3
1,77,32,2,2,1
1,77,34,2,6,3
1,77,38,2,2,2
1,77,64,2,14,10
1,77,67,2,4,4
1,77,86,2,4,3
1,77,9,2,2,2
1,77,90,2,2,2
1,77,92,2,4,3
1,78,149,2,12,4
1,78,180,2,4,1
1,78,23,2,1,1
1,78,27,2,8,5
1,78,28,2,9,6
1,78,285,2,7,3
1,78,55,2,10,7
1,78,6,2,6,4
1,78,94,2,8,5
1,78,97,2,3,2
1,79,11,2,5,3
1,79,143,2,6,2
1,79,194,2,5,2
1,79,208,2,6,3
1,79,208,2,6,3
1,79,213,2,9,4
1,79,27,2,9,5
1,79,29,2,8,4
1,79,33,2,7,4
1,79,340,2,4,2
1,79,341,2,4,2
1,79,36,2,2,2
1,79,40,2,6,4
1,79,430,2,6,3
1,79,58,2,9,8
1,79,6,2,8,4
1,79,60,2,8,4
1,79,64,2,17,15
1,79,66,2,8,6
1,79,7,2,7,4
1,79,86,2,7,5
1,79,86,2,7,5
1,79,87,2,5,4
1,79,97,2,10,3
1,8,113,2,7,2
1,8,12,2,4,4
1,8,12,2,4,4
1,8,12,2,4,4
1,8,13,2,4,4
1,8,13,2,4,4
1,8,13,2,4,4
1,8,13,2,4,4
1,8,14,2,6,4
1,8,14,2,6,4
1,8,14,2,6,4
1,8,15,2,6,4
1,8,19,2,2,2
1,8,197,2,5,3
1,8,20,2,3,2
1,8,20,2,6,4
1,8,21,2,6,4
1,8,21,2,6,4
1,8,22,2,6,4
1,8,22,2,6,4
1,8,22,2,6,4
1,8,22,2,6,4
1,8,22,2,6,4
1,8,28,2,9,9
1,8,28,2,9,9
1,8,28,2,9,9
1,8,29,2,7,6
1,8,29,2,7,6
1,8,29,2,7,6
1,8,29,2,7,6
1,8,30,2,9,9
1,8,30,2,9,9
1,8,4,2,5,5
1,8,4,2,5,5
1,8,4,2,5,5
1,8,494,2,5,3
1,8,500,2,8,3
1,8,509,2,7,3
1,8,51,2,5,3
1,8,51,2,8,6
1,8,52,2,8,5
1,8,53,2,3,3
1,8,531,2,15,6
1,8,72,2,4,3
1,8,75,2,3,3
1,8,99,2,3,3
1,80,10,2,6,3
1,80,163,2,11,4
1,80,217,2,10,4
1,80,221,2,10,5
1,80,221,2,10,5
1,80,28,2,13,5
1,80,28,2,5,3
1,80,36,2,5,3
1,80,47,2,3,0
1,80,58,2,10,8
1,80,7,2,7,4
1,80,85,2,15,13
1,80,87,2,27,23
1,80,92,2,14,7
1,81,0,2,10,5
1,81,100,2,7,3
1,81,110,2,8,4
1,81,110,2,8,4
1,81,139,2,10,10
1,81,140,2,19,2
1,81,160,2,6,4
1,81,182,2,5,2
1,81,194,2,1,1
1,81,31,2,11,5
1,81,331,2,5,2
1,81,36,2,3,2
1,81,37,2,4,3
1,81,55,2,10,8
1,81,61,2,9,4
1,81,65,2,17,8
1,81,68,2,8,6
1,81,68,2,8,6
1,81,86,2,6,5
1,81,87,2,4,4
1,81,89,2,21,21
1,82,108,2,6,3
1,82,13,2,13,5
1,82,146,2,5,3
1,82,159,2,4,3
1,82,194,2,3,2
1,82,197,2,55,51
1,82,204,2,7,3
1,82,213,2,10,4
1,82,219,2,8,4
1,82,29,2,1,1
1,82,29,2,8,4
1,82,316,2,5,2
1,82,35,2,6,4
1,82,53,2,6,3
1,82,65,2,18,8
1,82,67,2,9,6
1,82,7,2,6,6
1,82,83,2,6,5
1,82,89,2,12,12
1,83,102,2,4,4
1,83,127,2,8,3
1,83,144,2,4,2
1,83,168,2,8,4
1,83,22,2,7,5
1,83,30,2,3,3
1,83,323,2,3,2
1,83,44,2,8,5
1,83,44,2,8,5
1,83,63,2,4,3
1,83,72,2,13,12
1,83,74,2,13,11
1,83,80,2,5,5
1,83,81,2,5,5
1,84,0,2,3,3
1,84,129,2,5,3
1,84,13,2,3,2
1,84,17,2,6,4
1,84,182,2,6,3
1,84,188,2,3,2
1,84,19,2,7,5
1,84,193,2,6,5
1,84,2,2,3,3
1,84,440,2,6,3
1,84,454,2,7,3
1,84,467,2,4,2
1,84,53,2,12,8
1,84,81,2,5,5
1,85,109,2,6,4
1,85,111,2,11,5
1,85,13,2,4,3
1,85,184,2,7,3
1,85,189,2,4,2
1,85,190,2,4,2
1,85,202,2,2,1
1,85,205,2,3,1
1,85,474,2,4,2
1,85,53,2,1,1
1,85,70,2,14,13
1,85,70,2,19,17
1,85,72,2,14,12
1,85,78,2,12,11
1,85,82,2,13,11
1,86,121,2,11,4
1,86,13,2,5,3
1,86,160,2,5,3
1,86,168,2,13,4
1,86,18,2,5,3
1,86,184,2,4,3
1,86,21,2,2,2
1,86,21,2,9,6
1,86,343,2,2,2
1,86,46,2,10,5
1,86,49,2,9,5
1,86,66,2,4,3
1,86,67,2,1,1
1,86,81,2,5,5
1,86,82,2,13,11
1,87,146,2,5,3
1,87,17,2,2,2
1,87,24,2,1,1
1,87,26,2,9,8
1,87,79,2,11,11
1,87,80,2,4,4
1,88,107,2,5,4
1,88,131,2,7,5
1,88,183,2,5,3
1,88,191,2,3,2
1,88,22,2,6,4
1,88,24,2,7,6
1,88,26,2,10,7
1,88,287,2,7,3
1,88,43,2,5,4
1,88,472,2,4,2
1,88,66,2,3,2
1,88,66,2,3,2
1,89,0,2,4,3
1,89,102,2,3,3
1,89,109,2,4,3
1,89,126,2,13,5
1,89,14,2,6,4
1,89,15,2,5,4
1,89,21,2,7,5
1,89,30,2,4,3
1,89,464,2,4,2
1,89,50,2,8,5
1,89,52,2,9,5
1,89,72,2,11,11
1,89,78,2,10,10
1,89,82,2,11,10
1,89,97,2,17,10
1,9,102,2,4,3
1,9,106,2,4,4
1,9,14,2,5,4
1,9,14,2,5,4
1,9,14,2,5,4
1,9,15,2,5,4
1,9,164,2,4,3
1,9,20,2,5,4
1,9,20,2,5,4
1,9,21,2,3,2
1,9,21,2,5,4
1,9,216,2,6,5
1,9,218,2,9,5
1,9,219,2,9,5
1,9,22,2,2,1
1,9,22,2,2,1
1,9,22,2,5,4
1,9,23,2,5,4
1,9,23,2,5,4
1,9,23,2,5,4
1,9,28,2,9,7
1,9,28,2,9,7
1,9,30,2,9,7
1,9,30,2,9,7
1,9,32,2,9,7
1,9,32,2,9,7
1,9,32,2,9,7
1,9,4,2,6,5
1,9,4,2,6,5
1,9,4,2,6,5
1,9,41,2,1,1
1,9,51,2,5,3
1,9,76,2,2,2
1,9,76,2,2,2
1,9,77,2,3,2
1,9,79,2,3,2
1,9,80,2,4,3
1,90,103,2,3,3
1,90,104,2,2,2
1,90,15,2,5,3
1,90,15,2,6,4
1,90,150,2,4,3
1,90,169,2,8,4
1,90,179,2,4,2
1,90,23,2,9,7
1,90,46,2,1,1
1,90,54,2,12,6
1,90,59,2,5,3
1,90,66,2,3,2
1,90,8,2,6,3
1,91,102,2,3,3
1,91,105,2,2,2
1,91,110,2,5,3
1,91,165,2,3,1
1,91,18,2,5,4
1,91,18,2,5,4
1,91,187,2,2,2
1,91,341,2,4,2
1,91,43,2,5,4
1,91,50,2,10,5
1,91,51,2,14,5
1,91,51,2,14,5
1,91,52,2,11,5
1,91,52,2,11,5
1,91,54,2,14,6
1,91,80,2,4,4
1,92,100,2,2,2
1,92,101,2,2,2
1,92,104,2,2,2
1,92,111,2,7,5
1,92,13,2,4,3
1,92,169,2,7,4
1,92,189,2,2,2
1,92,25,2,9,5
1,92,44,2,7,4
1,92,79,2,10,10
1,92,82,2,10,9
1,93,106,2,3,3
1,93,108,2,4,3
1,93,109,2,3,2
1,93,116,2,8,4
1,93,14,2,3,3
1,93,15,2,3,3
1,93,18,2,3,3
1,93,191,2,4,1
1,93,20,2,3,3
1,93,22,2,3,3
1,93,24,2,3,2
1,93,24,2,3,3
1,93,24,2,3,3
1,93,25,2,5,4
1,93,331,2,5,2
1,93,43,2,2,2
1,93,72,2,1,1
1,93,97,2,1,1
1,94,101,2,2,2
1,94,118,2,7,5
1,94,14,2,3,3
1,94,162,2,5,3
1,94,171,2,6,3
1,94,177,2,7,4
1,94,22,2,7,4
1,94,23,2,7,5
1,94,26,2,9,6
1,94,288,2,7,4
1,94,305,2,11,3
1,94,310,2,5,3
1,94,332,2,9,3
1,94,43,2,6,4
1,94,439,2,6,3
1,94,50,2,9,5
1,94,56,2,7,6
1,94,81,2,4,4
1,95,105,2,2,2
1,95,125,2,5,4
1,95,131,2,6,6
1,95,20,2,8,3
1,95,21,2,2,1
1,95,24,2,8,4
1,95,286,2,5,4
1,95,288,2,8,4
1,95,41,2,6,3
1,95,455,2,5,4
1,95,47,2,7,3
1,95,480,2,7,3
1,95,483,2,4,3
1,95,53,2,8,6
1,95,97,2,16,9
1,96,109,2,3,2
1,96,110,2,3,2
1,96,12,2,4,3
1,96,126,2,15,6
1,96,13,2,3,3
1,96,14,2,3,3
1,96,15,2,4,3
1,96,191,2,2,2
1,96,192,2,2,2
1,96,24,2,3,2
1,96,25,2,5,4
1,96,439,2,6,3
1,96,45,2,3,3
1,96,464,2,4,3
1,96,474,2,5,2
1,96,51,2,1,1
1,96,51,2,3,3
1,96,55,2,8,6
1,96,71,2,7,6
1,96,74,2,2,2
1,96,80,2,12,12
1,96,80,2,3,3
1,96,81,2,3,3
1,97,152,2,25,6
1,97,16,2,4,2
1,97,176,2,4,3
1,97,192,2,5,2
1,97,2,2,8,5
1,97,448,2,9,4
1,97,58,2,7,6
1,97,68,2,6,4
1,97,9,2,4,2
1,97,91,2,13,12
1,97,95,2,3,3
1,98,11,2,3,3
1,98,11,2,5,4
1,98,133,2,7,7
1,98,136,2,9,9
1,98,166,2,7,5
1,98,166,2,7,5
1,98,173,2,8,5
1,98,179,2,4,3
1,98,2,2,4,3
1,98,24,2,1,1
1,98,3,2,4,3
1,98,33,2,2,2
1,98,338,2,12,7
1,98,458,2,7,4
1,98,62,2,2,2
1,98,64,2,2,1
1,98,68,2,1,1
1,98,8,2,3,3
1,98,8,2,3,3
1,99,1,2,5,5
1,99,1,2,5,5
1,99,129,2,4,4
1,99,129,2,4,4
1,99,167,2,4,4
1,99,2,2,5,5
1,99,24,2,2,2
1,99,305,2,8,4
1,99,474,2,4,3
1,99,5,2,6,4
1,99,5,2,6,4
1,99,80,2,11,11
1,99,83,2,3,3
1,99,88,2,2,2
1,99,92,2,2,2
1,99,93,2,1,1
1,99,93,2,1,1
