ABflag,srcNo,dstNo,2,ASNodes,BSNodes
0,13,25,2,3,4
0,13,5,2,2,3
0,13,58,2,3,4
0,13,61,2,2,4
0,13,8,2,1,2
0,17,27,2,4,5
0,17,29,2,3,4
0,17,3,2,3,4
0,17,4,2,2,3
0,17,5,2,2,3
0,17,5,2,2,3
0,17,5,2,2,3
0,17,61,2,2,4
0,18,27,2,4,5
0,18,3,2,3,4
0,18,54,2,4,5
0,18,55,2,3,4
0,18,6,2,2,3
0,19,25,2,3,4
0,19,31,2,3,4
0,19,55,2,3,4
0,19,57,2,2,4
0,19,58,2,2,4
0,19,79,2,4,5
0,19,8,2,1,2
0,21,27,2,6,7
0,21,34,2,4,5
0,21,34,2,4,5
0,21,6,2,4,5
0,21,8,2,3,4
0,21,9,2,3,4
0,22,34,2,2,4
0,22,5,2,3,4
0,22,5,2,3,4
0,23,25,2,4,5
0,23,27,2,5,6
0,23,31,2,4,5
0,23,4,2,3,4
0,23,6,2,3,4
0,24,27,2,5,6
0,24,27,2,5,6
0,24,28,2,5,6
0,24,31,2,3,5
0,24,32,2,4,5
0,24,4,2,3,4
0,24,4,2,3,4
0,39,36,2,1,2
0,42,30,2,3,4
0,42,30,2,3,4
0,42,8,2,1,2
0,42,8,2,1,2
0,43,27,2,4,5
0,43,35,2,1,2
0,43,75,2,5,6
0,43,81,2,4,5
0,44,11,2,1,2
0,44,34,2,1,3
0,44,34,2,1,3
0,44,4,2,2,3
0,45,35,2,3,4
0,45,35,2,3,4
0,45,5,2,4,5
0,46,10,2,2,3
0,46,35,2,2,3
0,46,8,2,2,3
0,48,30,2,4,5
0,48,31,2,3,5
0,48,32,2,4,5
0,48,34,2,2,4
0,48,6,2,3,4
0,48,6,2,3,4
0,49,28,2,5,6
0,49,29,2,4,5
0,49,3,2,4,5
0,49,32,2,4,5
0,49,60,2,4,5
0,65,58,2,2,4
0,65,60,2,2,4
0,67,10,2,2,3
0,71,11,2,3,4
0,72,10,2,2,3
0,72,10,2,2,3
0,72,11,2,2,3
0,72,11,2,2,3
0,72,59,2,3,4
0,73,11,2,3,4
0,73,8,2,3,4
0,73,8,2,3,4
0,73,9,2,3,4
0,73,9,2,3,4
0,74,10,2,3,4
0,87,33,2,2,3
0,87,33,2,2,3
0,87,34,2,2,4
0,87,36,2,2,4
0,90,34,2,3,4
0,90,36,2,3,4
1,0,14,2,5,2
1,0,18,2,6,3
1,0,21,2,8,5
1,0,37,2,3,2
1,0,39,2,5,2
1,0,39,2,5,2
1,0,39,2,5,2
1,0,42,2,4,3
1,0,44,2,4,4
1,0,45,2,7,5
1,0,49,2,6,4
1,0,67,2,6,4
1,0,68,2,7,4
1,0,71,2,6,5
1,0,73,2,7,5
1,0,93,2,5,4
1,1,16,2,6,4
1,1,19,2,6,4
1,1,21,2,9,6
1,1,40,2,6,3
1,1,41,2,7,4
1,1,42,2,4,4
1,1,44,2,4,4
1,1,45,2,8,6
1,1,47,2,7,5
1,1,48,2,7,5
1,1,67,2,6,5
1,1,68,2,8,5
1,1,69,2,8,5
1,1,69,2,8,5
1,1,71,2,6,6
1,1,71,2,6,6
1,1,73,2,7,6
1,1,91,2,5,4
1,1,92,2,7,5
1,1,93,2,6,5
1,1,95,2,10,6
1,1,99,2,7,6
1,10,13,2,1,1
1,10,14,2,1,1
1,10,15,2,0,0
1,10,19,2,1,1
1,10,21,2,4,3
1,10,22,2,4,2
1,10,41,2,2,1
1,10,42,2,1,1
1,10,47,2,3,3
1,10,62,2,1,1
1,10,65,2,1,1
1,10,65,2,1,1
1,10,67,2,3,2
1,10,72,2,2,2
1,10,73,2,3,3
1,10,74,2,3,3
1,10,92,2,3,3
1,10,96,2,6,3
1,10,99,2,4,3
1,11,12,2,1,1
1,11,15,2,1,1
1,11,15,2,1,1
1,11,16,2,2,2
1,11,16,2,2,2
1,11,17,2,2,1
1,11,19,2,2,1
1,11,20,2,4,3
1,11,37,2,1,1
1,11,40,2,0,0
1,11,41,2,2,1
1,11,44,2,2,1
1,11,45,2,3,3
1,11,47,2,3,3
1,11,49,2,3,2
1,11,62,2,1,1
1,11,63,2,1,1
1,11,66,2,3,2
1,11,70,2,4,3
1,11,71,2,4,3
1,11,94,2,2,2
1,11,99,2,4,3
1,12,30,2,3,2
1,12,31,2,2,2
1,12,32,2,3,2
1,12,34,2,4,1
1,12,53,2,5,3
1,12,55,2,3,2
1,12,58,2,2,2
1,12,60,2,2,2
1,12,60,2,2,2
1,12,60,2,2,2
1,12,61,2,1,1
1,12,75,2,6,3
1,12,81,2,4,3
1,12,85,2,3,2
1,12,9,2,0,0
1,13,11,2,2,2
1,13,2,2,4,4
1,13,32,2,4,4
1,13,34,2,5,3
1,13,52,2,5,4
1,13,56,2,4,3
1,13,76,2,7,5
1,13,79,2,4,4
1,13,79,2,4,4
1,13,80,2,4,4
1,13,84,2,3,2
1,14,10,2,1,1
1,14,10,2,1,1
1,14,11,2,2,1
1,14,2,2,4,2
1,14,27,2,4,3
1,14,33,2,3,1
1,14,33,2,3,1
1,14,4,2,2,1
1,14,52,2,5,3
1,14,52,2,5,3
1,14,56,2,4,2
1,14,57,2,2,2
1,14,57,2,2,2
1,14,60,2,2,2
1,14,61,2,1,1
1,14,61,2,1,1
1,14,79,2,3,3
1,14,82,2,6,3
1,14,83,2,2,2
1,14,85,2,4,2
1,14,86,2,2,2
1,14,86,2,2,2
1,15,11,2,1,1
1,15,26,2,4,3
1,15,29,2,2,2
1,15,35,2,1,1
1,15,51,2,3,3
1,15,51,2,3,3
1,15,52,2,4,3
1,15,52,2,4,3
1,15,53,2,4,3
1,15,60,2,2,2
1,15,61,2,1,1
1,15,61,2,1,1
1,15,75,2,6,3
1,15,78,2,4,4
1,15,78,2,4,4
1,15,80,2,3,2
1,15,82,2,6,3
1,16,0,2,5,3
1,16,10,2,2,2
1,16,10,2,2,2
1,16,25,2,5,3
1,16,25,2,5,3
1,16,26,2,6,4
1,16,26,2,6,4
1,16,31,2,4,3
1,16,34,2,2,2
1,16,36,2,2,2
1,16,50,2,5,4
1,16,51,2,4,4
1,16,54,2,7,3
1,16,6,2,2,2
1,16,7,2,3,2
1,16,77,2,8,4
1,16,78,2,5,5
1,16,85,2,5,2
1,16,86,2,6,3
1,16,9,2,2,1
1,17,11,2,2,2
1,17,11,2,2,2
1,17,2,2,4,4
1,17,25,2,4,4
1,17,25,2,4,4
1,17,50,2,4,4
1,17,51,2,4,4
1,17,55,2,5,4
1,17,7,2,3,3
1,17,77,2,7,6
1,17,78,2,5,5
1,17,78,2,5,5
1,17,82,2,8,4
1,17,85,2,3,2
1,17,85,2,3,2
1,18,0,2,5,3
1,18,1,2,6,5
1,18,1,2,6,5
1,18,10,2,2,2
1,18,32,2,4,4
1,18,50,2,4,4
1,18,7,2,3,3
1,18,76,2,7,5
1,18,84,2,3,2
1,18,84,2,3,2
1,19,1,2,7,5
1,19,3,2,4,4
1,19,32,2,4,4
1,19,34,2,4,3
1,19,34,2,4,3
1,19,36,2,4,3
1,19,4,2,3,3
1,19,50,2,4,4
1,19,50,2,4,4
1,19,7,2,3,3
1,19,75,2,6,6
1,19,81,2,6,5
1,19,82,2,6,5
1,19,82,2,6,5
1,19,83,2,3,2
1,19,86,2,4,4
1,2,14,2,4,2
1,2,17,2,4,3
1,2,18,2,5,3
1,2,22,2,6,4
1,2,24,2,5,4
1,2,38,2,4,2
1,2,40,2,4,2
1,2,63,2,3,3
1,2,67,2,6,4
1,2,87,2,5,3
1,2,95,2,8,5
1,2,96,2,8,5
1,2,98,2,6,4
1,20,0,2,7,4
1,20,0,2,7,4
1,20,3,2,5,4
1,20,35,2,3,3
1,20,35,2,3,3
1,20,50,2,6,5
1,20,55,2,7,4
1,20,57,2,6,6
1,20,6,2,4,3
1,20,77,2,9,5
1,20,79,2,6,5
1,20,79,2,6,5
1,20,86,2,7,4
1,20,86,2,7,4
1,21,1,2,9,7
1,21,10,2,5,4
1,21,11,2,4,4
1,21,2,2,7,6
1,21,26,2,7,7
1,21,3,2,6,6
1,21,30,2,6,6
1,21,33,2,4,4
1,21,35,2,4,4
1,21,51,2,6,6
1,21,54,2,9,7
1,21,59,2,6,5
1,21,7,2,5,5
1,21,75,2,8,7
1,21,81,2,7,7
1,21,81,2,7,7
1,21,83,2,9,5
1,21,85,2,5,3
1,22,0,2,7,4
1,22,11,2,4,3
1,22,26,2,7,6
1,22,3,2,5,5
1,22,35,2,3,3
1,22,57,2,5,5
1,22,60,2,5,5
1,22,61,2,8,5
1,22,81,2,6,6
1,22,85,2,4,3
1,22,85,2,4,3
1,23,10,2,3,3
1,23,11,2,3,3
1,23,28,2,6,6
1,23,33,2,3,3
1,23,35,2,3,3
1,23,50,2,5,5
1,23,51,2,5,5
1,23,51,2,5,5
1,23,61,2,9,5
1,23,7,2,4,4
1,23,77,2,8,7
1,23,77,2,8,7
1,23,78,2,6,6
1,23,79,2,5,4
1,23,83,2,9,4
1,23,83,2,9,4
1,23,84,2,5,3
1,23,84,2,5,3
1,23,84,2,5,3
1,23,85,2,5,3
1,24,0,2,6,4
1,24,10,2,3,3
1,24,10,2,3,3
1,24,33,2,3,3
1,24,50,2,5,5
1,24,51,2,5,5
1,24,52,2,6,5
1,24,54,2,8,6
1,24,56,2,5,4
1,24,57,2,5,5
1,24,59,2,5,4
1,24,76,2,8,6
1,24,80,2,6,5
1,24,80,2,6,5
1,24,81,2,6,6
1,24,85,2,4,2
1,25,12,2,2,2
1,25,15,2,3,2
1,25,19,2,4,3
1,25,20,2,6,4
1,25,23,2,4,4
1,25,39,2,2,2
1,25,40,2,2,2
1,25,46,2,4,4
1,25,49,2,4,4
1,25,62,2,4,3
1,25,62,2,4,3
1,25,68,2,4,4
1,25,91,2,4,3
1,25,93,2,5,4
1,25,95,2,5,5
1,25,96,2,7,5
1,26,17,2,5,3
1,26,20,2,8,5
1,26,24,2,6,4
1,26,43,2,3,3
1,26,44,2,4,4
1,26,63,2,4,4
1,26,71,2,7,5
1,26,90,2,5,4
1,26,91,2,5,4
1,26,98,2,6,5
1,26,99,2,7,5
1,27,14,2,5,3
1,27,16,2,4,4
1,27,20,2,7,5
1,27,24,2,5,4
1,27,24,2,5,4
1,27,37,2,3,2
1,27,41,2,5,3
1,27,63,2,4,3
1,27,64,2,4,3
1,27,65,2,5,3
1,27,66,2,7,4
1,27,87,2,5,3
1,27,91,2,4,3
1,27,95,2,8,5
1,28,12,2,4,2
1,28,14,2,4,2
1,28,15,2,3,2
1,28,16,2,5,3
1,28,18,2,5,3
1,28,18,2,5,3
1,28,22,2,6,4
1,28,37,2,4,2
1,28,40,2,3,2
1,28,41,2,4,3
1,28,42,2,4,3
1,28,43,2,4,3
1,28,45,2,5,5
1,28,47,2,4,4
1,28,64,2,4,3
1,28,66,2,6,4
1,28,67,2,5,4
1,28,69,2,5,4
1,28,70,2,7,5
1,28,70,2,7,5
1,28,71,2,6,5
1,28,72,2,5,4
1,28,89,2,3,2
1,28,94,2,5,4
1,28,95,2,7,5
1,28,95,2,7,5
1,28,96,2,6,5
1,29,14,2,3,2
1,29,15,2,2,2
1,29,15,2,2,2
1,29,17,2,3,2
1,29,19,2,3,2
1,29,20,2,6,4
1,29,21,2,6,4
1,29,23,2,5,3
1,29,42,2,2,2
1,29,45,2,4,4
1,29,65,2,2,2
1,29,70,2,5,4
1,29,89,2,2,2
1,29,94,2,5,4
1,29,94,2,5,4
1,29,99,2,6,4
1,3,14,2,3,2
1,3,18,2,4,3
1,3,20,2,6,4
1,3,21,2,6,5
1,3,37,2,2,2
1,3,40,2,3,2
1,3,41,2,4,3
1,3,45,2,5,5
1,3,45,2,5,5
1,3,46,2,4,4
1,3,48,2,4,4
1,3,63,2,3,3
1,3,65,2,4,2
1,3,66,2,4,4
1,3,66,2,4,4
1,3,67,2,5,4
1,3,71,2,5,5
1,3,72,2,4,4
1,3,73,2,5,5
1,3,87,2,4,3
1,3,89,2,3,3
1,3,93,2,4,3
1,3,97,2,5,4
1,30,14,2,3,2
1,30,18,2,4,2
1,30,19,2,3,2
1,30,19,2,3,2
1,30,20,2,5,4
1,30,21,2,6,4
1,30,21,2,6,4
1,30,43,2,2,2
1,30,43,2,2,2
1,30,45,2,4,4
1,30,48,2,4,3
1,30,63,2,3,3
1,30,70,2,6,4
1,30,96,2,6,4
1,30,97,2,6,4
1,30,98,2,5,4
1,31,17,2,2,2
1,31,17,2,2,2
1,31,18,2,3,2
1,31,21,2,5,4
1,31,37,2,1,1
1,31,38,2,2,1
1,31,38,2,2,1
1,31,38,2,2,1
1,31,40,2,1,1
1,31,41,2,2,2
1,31,45,2,4,3
1,31,47,2,4,4
1,31,47,2,4,4
1,31,63,2,2,2
1,31,64,2,2,2
1,31,74,2,5,3
1,31,87,2,3,2
1,31,90,2,2,2
1,31,92,2,5,3
1,31,95,2,5,4
1,32,15,2,3,2
1,32,37,2,3,1
1,32,37,2,3,1
1,32,42,2,3,2
1,32,45,2,5,4
1,32,46,2,4,3
1,32,47,2,4,4
1,32,63,2,4,2
1,32,65,2,4,2
1,32,67,2,5,3
1,32,68,2,5,3
1,32,69,2,5,3
1,32,72,2,5,3
1,32,72,2,5,3
1,32,73,2,6,4
1,32,87,2,4,3
1,32,92,2,6,4
1,32,93,2,5,3
1,32,95,2,7,4
1,32,96,2,7,4
1,32,96,2,7,4
1,32,96,2,7,4
1,33,12,2,2,1
1,33,12,2,2,1
1,33,13,2,3,1
1,33,13,2,3,1
1,33,14,2,3,1
1,33,15,2,2,1
1,33,22,2,4,2
1,33,24,2,3,2
1,33,37,2,1,0
1,33,37,2,1,0
1,33,37,2,1,0
1,33,38,2,1,0
1,33,42,2,1,1
1,33,67,2,2,2
1,33,67,2,2,2
1,33,69,2,2,2
1,33,73,2,3,3
1,33,73,2,3,3
1,33,87,2,2,2
1,33,91,2,3,2
1,33,92,2,3,2
1,33,94,2,2,2
1,34,15,2,2,1
1,34,15,2,2,1
1,34,21,2,4,3
1,34,23,2,3,2
1,34,38,2,1,0
1,34,40,2,0,0
1,34,42,2,1,1
1,34,44,2,1,1
1,34,44,2,1,1
1,34,45,2,3,3
1,34,47,2,3,3
1,34,48,2,3,2
1,34,49,2,2,2
1,34,49,2,2,2
1,34,65,2,1,1
1,34,66,2,3,2
1,34,67,2,2,2
1,34,68,2,2,2
1,34,69,2,2,2
1,34,70,2,4,3
1,34,72,2,2,2
1,34,87,2,2,2
1,34,89,2,1,1
1,34,93,2,2,2
1,34,99,2,4,3
1,35,14,2,2,1
1,35,15,2,1,1
1,35,15,2,1,1
1,35,17,2,1,1
1,35,38,2,0,0
1,35,39,2,0,0
1,35,42,2,1,1
1,35,43,2,1,1
1,35,44,2,1,1
1,35,45,2,3,3
1,35,48,2,2,2
1,35,48,2,2,2
1,35,63,2,1,1
1,35,71,2,3,3
1,35,87,2,2,2
1,35,88,2,2,2
1,35,96,2,5,3
1,35,97,2,3,3
1,36,20,2,3,3
1,36,20,2,3,3
1,36,21,2,4,3
1,36,24,2,2,2
1,36,43,2,1,1
1,36,64,2,1,1
1,36,72,2,2,2
1,36,87,2,2,1
1,36,87,2,2,1
1,36,96,2,4,3
1,36,99,2,2,2
1,37,11,2,2,1
1,37,25,2,3,2
1,37,27,2,3,2
1,37,29,2,1,1
1,37,31,2,1,1
1,37,52,2,4,2
1,37,53,2,3,2
1,37,57,2,1,1
1,37,57,2,1,1
1,37,58,2,1,1
1,37,60,2,2,1
1,37,61,2,0,0
1,37,75,2,5,3
1,37,76,2,6,3
1,37,78,2,6,3
1,37,8,2,2,0
1,37,80,2,2,2
1,37,81,2,4,2
1,37,82,2,4,2
1,37,85,2,1,1
1,37,85,2,1,1
1,37,9,2,0,0
1,38,1,2,5,3
1,38,25,2,3,2
1,38,27,2,3,2
1,38,30,2,2,1
1,38,32,2,2,1
1,38,33,2,1,0
1,38,34,2,3,0
1,38,34,2,3,0
1,38,34,2,3,0
1,38,5,2,1,1
1,38,52,2,3,2
1,38,53,2,3,2
1,38,54,2,3,1
1,38,55,2,2,1
1,38,55,2,2,1
1,38,8,2,0,0
1,38,82,2,5,2
1,39,26,2,5,4
1,39,35,2,1,1
1,39,35,2,1,1
1,39,50,2,4,4
1,39,50,2,4,4
1,39,53,2,5,4
1,39,54,2,4,4
1,39,54,2,4,4
1,39,59,2,3,3
1,39,7,2,3,2
1,39,7,2,3,2
1,39,75,2,6,5
1,39,76,2,7,5
1,39,8,2,1,1
1,39,82,2,6,4
1,39,84,2,2,2
1,39,85,2,2,2
1,39,86,2,3,3
1,39,86,2,3,3
1,4,12,2,2,1
1,4,13,2,3,2
1,4,16,2,2,2
1,4,16,2,2,2
1,4,17,2,2,2
1,4,18,2,3,2
1,4,18,2,3,2
1,4,22,2,4,3
1,4,23,2,4,3
1,4,37,2,2,1
1,4,37,2,2,1
1,4,38,2,1,1
1,4,45,2,4,4
1,4,62,2,2,1
1,4,62,2,2,1
1,4,65,2,2,1
1,4,71,2,4,4
1,4,73,2,4,4
1,4,89,2,4,2
1,4,90,2,3,2
1,4,92,2,4,3
1,4,93,2,3,2
1,4,96,2,6,4
1,4,97,2,4,3
1,40,0,2,5,3
1,40,1,2,7,5
1,40,10,2,2,2
1,40,11,2,2,2
1,40,25,2,5,4
1,40,33,2,3,2
1,40,50,2,4,4
1,40,50,2,4,4
1,40,51,2,4,4
1,40,54,2,5,4
1,40,56,2,4,3
1,40,75,2,7,5
1,40,85,2,2,2
1,40,85,2,2,2
1,40,85,2,2,2
1,40,86,2,2,2
1,41,0,2,5,3
1,41,0,2,5,3
1,41,10,2,3,2
1,41,11,2,3,2
1,41,27,2,6,5
1,41,29,2,5,4
1,41,3,2,6,4
1,41,32,2,5,4
1,41,32,2,5,4
1,41,33,2,4,2
1,41,34,2,3,3
1,41,4,2,3,3
1,41,5,2,4,3
1,41,54,2,3,2
1,41,59,2,3,3
1,41,6,2,4,3
1,41,61,2,6,4
1,41,75,2,4,3
1,41,79,2,3,2
1,42,1,2,7,5
1,42,31,2,4,4
1,42,34,2,3,3
1,42,34,2,3,3
1,42,34,2,3,3
1,42,50,2,4,4
1,42,53,2,5,4
1,42,54,2,7,5
1,42,56,2,4,3
1,42,57,2,5,4
1,42,6,2,3,3
1,42,61,2,7,4
1,42,7,2,4,3
1,42,7,2,4,3
1,42,75,2,6,6
1,42,77,2,6,6
1,42,79,2,3,3
1,42,80,2,5,4
1,42,83,2,7,3
1,42,83,2,7,3
1,42,84,2,2,2
1,42,86,2,4,3
1,43,2,2,5,4
1,43,28,2,6,5
1,43,3,2,4,4
1,43,30,2,5,4
1,43,32,2,5,4
1,43,33,2,2,2
1,43,4,2,3,3
1,43,50,2,4,4
1,43,53,2,5,4
1,43,55,2,5,4
1,43,56,2,4,3
1,43,57,2,4,4
1,43,61,2,6,4
1,43,80,2,4,4
1,43,85,2,3,2
1,43,85,2,3,2
1,43,86,2,3,3
1,44,1,2,6,5
1,44,10,2,2,2
1,44,25,2,4,4
1,44,26,2,5,5
1,44,26,2,5,5
1,44,55,2,7,4
1,44,55,2,7,4
1,44,60,2,5,4
1,44,61,2,8,4
1,44,61,2,8,4
1,44,75,2,7,6
1,44,77,2,7,6
1,44,77,2,7,6
1,44,80,2,6,4
1,44,82,2,7,4
1,44,84,2,2,2
1,44,84,2,2,2
1,45,36,2,5,5
1,45,51,2,6,5
1,45,55,2,5,4
1,45,55,2,5,4
1,45,57,2,4,4
1,45,57,2,4,4
1,45,59,2,3,3
1,45,6,2,5,5
1,45,7,2,6,5
1,45,75,2,7,5
1,45,75,2,7,5
1,45,81,2,6,4
1,45,83,2,9,4
1,45,83,2,9,4
1,45,83,2,9,4
1,45,84,2,4,3
1,45,85,2,4,3
1,46,0,2,6,4
1,46,0,2,6,4
1,46,28,2,7,6
1,46,3,2,5,5
1,46,30,2,6,5
1,46,36,2,4,4
1,46,55,2,5,3
1,46,61,2,7,5
1,46,77,2,6,5
1,46,85,2,4,2
1,46,9,2,3,3
1,47,10,2,3,3
1,47,10,2,3,3
1,47,2,2,6,4
1,47,29,2,5,4
1,47,33,2,5,3
1,47,33,2,5,3
1,47,34,2,3,3
1,47,34,2,3,3
1,47,5,2,4,3
1,47,52,2,8,5
1,47,55,2,8,4
1,47,56,2,7,4
1,47,7,2,5,3
1,47,76,2,10,5
1,47,83,2,8,4
1,47,86,2,5,4
1,47,9,2,3,2
1,48,26,2,6,6
1,48,3,2,5,5
1,48,3,2,5,5
1,48,35,2,3,3
1,48,36,2,4,4
1,48,50,2,5,5
1,48,51,2,6,5
1,48,52,2,7,5
1,48,55,2,7,4
1,48,56,2,6,4
1,48,58,2,5,3
1,48,60,2,5,3
1,48,61,2,8,5
1,48,7,2,4,4
1,48,78,2,7,5
1,48,79,2,5,4
1,48,80,2,6,5
1,48,80,2,6,5
1,48,80,2,6,5
1,48,81,2,4,4
1,48,82,2,7,6
1,48,83,2,7,4
1,48,86,2,4,3
1,48,86,2,4,3
1,49,0,2,6,4
1,49,26,2,6,6
1,49,33,2,4,3
1,49,34,2,4,4
1,49,35,2,3,3
1,49,35,2,3,3
1,49,35,2,3,3
1,49,35,2,3,3
1,49,51,2,5,5
1,49,52,2,6,5
1,49,78,2,6,6
1,49,80,2,6,5
1,49,82,2,7,6
1,49,82,2,7,6
1,49,82,2,7,6
1,49,82,2,7,6
1,49,85,2,3,2
1,49,85,2,3,2
1,5,13,2,3,2
1,5,18,2,2,2
1,5,19,2,3,2
1,5,23,2,3,3
1,5,24,2,3,3
1,5,38,2,1,1
1,5,40,2,1,1
1,5,45,2,4,4
1,5,47,2,3,3
1,5,48,2,3,3
1,5,62,2,1,1
1,5,64,2,2,2
1,5,67,2,4,3
1,5,68,2,3,2
1,5,69,2,3,2
1,5,70,2,4,4
1,5,73,2,4,4
1,5,74,2,4,4
1,5,90,2,3,3
1,5,94,2,3,2
1,5,97,2,4,3
1,5,97,2,4,3
1,50,15,2,3,3
1,50,15,2,3,3
1,50,20,2,5,5
1,50,20,2,5,5
1,50,23,2,5,4
1,50,37,2,2,2
1,50,38,2,3,2
1,50,42,2,3,3
1,50,43,2,4,3
1,50,64,2,4,3
1,50,64,2,4,3
1,50,70,2,6,5
1,50,71,2,7,4
1,50,72,2,5,4
1,50,90,2,4,3
1,50,91,2,4,3
1,50,92,2,6,4
1,50,97,2,8,5
1,51,13,2,4,3
1,51,15,2,3,3
1,51,19,2,4,3
1,51,21,2,7,5
1,51,21,2,7,5
1,51,24,2,5,4
1,51,45,2,6,5
1,51,46,2,5,4
1,51,46,2,5,4
1,51,48,2,5,4
1,51,62,2,3,3
1,51,63,2,3,3
1,51,64,2,3,3
1,51,71,2,6,4
1,51,74,2,5,4
1,51,88,2,3,2
1,51,90,2,3,2
1,51,90,2,3,2
1,51,92,2,5,3
1,51,92,2,5,3
1,51,93,2,4,3
1,51,94,2,4,3
1,51,94,2,4,3
1,51,97,2,6,4
1,51,99,2,6,4
1,51,99,2,6,4
1,52,17,2,5,3
1,52,18,2,5,3
1,52,18,2,5,3
1,52,39,2,4,2
1,52,41,2,5,3
1,52,43,2,5,3
1,52,44,2,6,3
1,52,62,2,4,3
1,52,72,2,6,4
1,52,88,2,3,3
1,52,88,2,3,3
1,52,89,2,3,2
1,52,92,2,6,3
1,52,94,2,5,3
1,52,96,2,7,4
1,52,99,2,6,4
1,53,12,2,4,3
1,53,12,2,4,3
1,53,20,2,6,5
1,53,37,2,3,2
1,53,40,2,3,2
1,53,41,2,4,3
1,53,44,2,5,4
1,53,44,2,5,4
1,53,44,2,5,4
1,53,48,2,6,4
1,53,73,2,6,5
1,53,90,2,4,3
1,53,90,2,4,3
1,53,94,2,5,4
1,53,96,2,9,5
1,54,12,2,5,2
1,54,17,2,4,3
1,54,21,2,8,5
1,54,22,2,4,4
1,54,23,2,7,4
1,54,23,2,7,4
1,54,24,2,6,4
1,54,39,2,3,1
1,54,41,2,4,2
1,54,47,2,5,4
1,54,64,2,3,2
1,54,67,2,3,3
1,54,67,2,3,3
1,54,67,2,3,3
1,54,71,2,5,4
1,54,74,2,4,4
1,54,87,2,2,1
1,54,97,2,5,3
1,55,19,2,4,2
1,55,20,2,6,4
1,55,22,2,4,3
1,55,24,2,4,3
1,55,40,2,4,1
1,55,45,2,5,4
1,55,45,2,5,4
1,55,46,2,4,3
1,55,67,2,3,2
1,55,68,2,3,2
1,55,68,2,3,2
1,55,71,2,5,3
1,55,73,2,4,3
1,55,73,2,4,3
1,55,89,2,1,1
1,55,90,2,2,1
1,55,93,2,3,2
1,55,99,2,5,3
1,56,12,2,3,2
1,56,14,2,4,2
1,56,16,2,4,3
1,56,19,2,4,2
1,56,20,2,5,4
1,56,37,2,2,1
1,56,39,2,2,1
1,56,41,2,3,3
1,56,43,2,3,2
1,56,45,2,5,4
1,56,65,2,3,3
1,56,66,2,5,3
1,56,69,2,4,3
1,56,88,2,2,2
1,56,89,2,2,1
1,56,93,2,3,3
1,56,98,2,4,4
1,57,12,2,3,2
1,57,17,2,2,2
1,57,20,2,5,4
1,57,24,2,4,3
1,57,24,2,4,3
1,57,42,2,4,3
1,57,42,2,4,3
1,57,43,2,3,3
1,57,44,2,3,3
1,57,46,2,4,3
1,57,46,2,4,3
1,57,66,2,4,3
1,57,67,2,3,2
1,57,68,2,3,2
1,57,69,2,3,2
1,57,70,2,4,3
1,57,71,2,5,3
1,57,71,2,5,3
1,57,89,2,1,1
1,57,90,2,1,1
1,57,90,2,1,1
1,57,91,2,2,1
1,57,91,2,2,1
1,57,96,2,5,3
1,58,12,2,4,2
1,58,41,2,2,2
1,58,42,2,3,2
1,58,44,2,2,2
1,58,46,2,3,3
1,58,47,2,4,3
1,58,48,2,3,3
1,58,64,2,1,1
1,58,65,2,2,2
1,58,72,2,3,3
1,58,74,2,3,3
1,58,91,2,1,1
1,58,96,2,4,3
1,59,16,2,4,2
1,59,21,2,6,4
1,59,21,2,6,4
1,59,37,2,2,1
1,59,43,2,2,2
1,59,44,2,2,2
1,59,46,2,3,3
1,59,48,2,3,3
1,59,49,2,3,3
1,59,63,2,1,1
1,59,63,2,1,1
1,59,66,2,3,2
1,59,73,2,3,3
1,59,74,2,3,3
1,59,88,2,1,1
1,59,89,2,0,0
1,59,92,2,3,2
1,59,96,2,4,3
1,59,96,2,4,3
1,6,13,2,3,2
1,6,13,2,3,2
1,6,14,2,3,1
1,6,15,2,2,1
1,6,20,2,5,3
1,6,22,2,4,3
1,6,39,2,1,1
1,6,42,2,2,2
1,6,43,2,2,2
1,6,48,2,3,3
1,6,48,2,3,3
1,6,49,2,3,3
1,6,64,2,2,2
1,6,69,2,3,2
1,6,69,2,3,2
1,6,71,2,4,4
1,6,74,2,4,4
1,6,87,2,3,2
1,6,88,2,3,2
1,6,94,2,3,2
1,6,98,2,5,3
1,60,14,2,4,2
1,60,14,2,4,2
1,60,16,2,5,3
1,60,18,2,4,2
1,60,19,2,5,2
1,60,20,2,6,4
1,60,22,2,5,3
1,60,23,2,6,3
1,60,40,2,2,2
1,60,42,2,3,2
1,60,42,2,3,2
1,60,45,2,4,3
1,60,47,2,4,3
1,60,63,2,1,1
1,60,64,2,1,1
1,60,65,2,2,2
1,60,90,2,1,1
1,60,90,2,1,1
1,60,91,2,1,1
1,60,92,2,3,2
1,60,94,2,2,2
1,60,94,2,2,2
1,60,97,2,4,3
1,60,97,2,4,3
1,60,97,2,4,3
1,61,18,2,2,2
1,61,21,2,5,4
1,61,22,2,3,3
1,61,22,2,3,3
1,61,39,2,1,1
1,61,39,2,1,1
1,61,40,2,1,1
1,61,41,2,3,2
1,61,43,2,3,3
1,61,44,2,2,2
1,61,64,2,2,2
1,61,65,2,3,2
1,61,69,2,3,2
1,61,74,2,4,3
1,61,87,2,1,1
1,61,87,2,1,1
1,61,94,2,3,2
1,61,94,2,3,2
1,61,96,2,5,3
1,61,96,2,5,3
1,61,96,2,5,3
1,61,96,2,5,3
1,61,98,2,3,3
1,62,10,2,3,2
1,62,3,2,6,4
1,62,3,2,6,4
1,62,31,2,4,4
1,62,33,2,4,2
1,62,4,2,4,3
1,62,4,2,4,3
1,62,52,2,4,3
1,62,54,2,2,2
1,62,56,2,2,2
1,62,59,2,1,1
1,62,61,2,3,3
1,62,7,2,5,3
1,62,7,2,5,3
1,62,76,2,4,3
1,62,77,2,3,3
1,62,77,2,3,3
1,62,80,2,2,2
1,62,80,2,2,2
1,62,82,2,3,2
1,62,84,2,1,1
1,62,84,2,1,1
1,63,1,2,9,6
1,63,1,2,9,6
1,63,11,2,4,3
1,63,26,2,8,5
1,63,28,2,7,5
1,63,31,2,5,4
1,63,31,2,5,4
1,63,32,2,6,4
1,63,32,2,6,4
1,63,33,2,5,3
1,63,33,2,5,3
1,63,5,2,5,4
1,63,50,2,4,3
1,63,56,2,2,2
1,63,60,2,1,1
1,63,61,2,4,4
1,63,81,2,2,2
1,63,84,2,1,1
1,63,84,2,1,1
1,64,26,2,8,5
1,64,26,2,8,5
1,64,28,2,7,5
1,64,29,2,6,4
1,64,29,2,6,4
1,64,29,2,6,4
1,64,29,2,6,4
1,64,35,2,3,2
1,64,35,2,3,2
1,64,35,2,3,2
1,64,36,2,4,3
1,64,52,2,4,3
1,64,57,2,2,2
1,64,76,2,4,3
1,64,80,2,2,2
1,64,84,2,2,1
1,64,86,2,1,1
1,64,9,2,3,2
1,65,0,2,5,3
1,65,1,2,8,5
1,65,29,2,5,4
1,65,30,2,5,4
1,65,31,2,4,4
1,65,35,2,3,2
1,65,35,2,3,2
1,65,35,2,3,2
1,65,36,2,3,3
1,65,52,2,5,3
1,65,52,2,5,3
1,65,54,2,3,2
1,65,54,2,3,2
1,65,55,2,3,2
1,65,6,2,4,3
1,65,6,2,4,3
1,65,75,2,4,3
1,65,76,2,5,3
1,65,81,2,3,2
1,65,82,2,4,3
1,65,83,2,5,2
1,65,84,2,2,1
1,65,9,2,3,2
1,66,1,2,10,6
1,66,2,2,9,5
1,66,29,2,7,5
1,66,3,2,8,5
1,66,32,2,7,5
1,66,33,2,6,3
1,66,51,2,6,4
1,66,54,2,3,3
1,66,55,2,3,3
1,66,55,2,3,3
1,66,60,2,2,2
1,66,60,2,2,2
1,66,75,2,5,4
1,66,75,2,5,4
1,66,76,2,6,4
1,66,76,2,6,4
1,66,77,2,5,4
1,66,80,2,4,3
1,66,80,2,4,3
1,66,80,2,4,3
1,66,82,2,5,4
1,66,83,2,8,3
1,66,83,2,8,3
1,67,1,2,9,6
1,67,26,2,8,6
1,67,26,2,8,6
1,67,27,2,7,6
1,67,3,2,7,5
1,67,32,2,6,5
1,67,4,2,4,4
1,67,4,2,4,4
1,67,52,2,6,4
1,67,59,2,2,2
1,67,59,2,2,2
1,67,80,2,3,2
1,68,1,2,9,6
1,68,10,2,5,3
1,68,11,2,5,3
1,68,11,2,5,3
1,68,25,2,7,5
1,68,25,2,7,5
1,68,29,2,6,5
1,68,30,2,7,5
1,68,32,2,7,5
1,68,32,2,7,5
1,68,5,2,6,4
1,68,50,2,6,4
1,68,50,2,6,4
1,68,53,2,6,4
1,68,53,2,6,4
1,68,54,2,4,3
1,68,56,2,3,3
1,68,6,2,6,4
1,68,75,2,4,3
1,68,75,2,4,3
1,68,78,2,5,4
1,68,78,2,5,4
1,68,82,2,4,3
1,68,82,2,4,3
1,69,27,2,7,6
1,69,30,2,7,5
1,69,32,2,6,5
1,69,33,2,5,3
1,69,5,2,5,4
1,69,51,2,5,3
1,69,53,2,6,4
1,69,58,2,2,2
1,69,6,2,5,4
1,69,61,2,4,4
1,69,77,2,4,3
1,69,77,2,4,3
1,69,78,2,5,4
1,69,78,2,5,4
1,69,79,2,3,2
1,69,8,2,3,3
1,69,80,2,3,2
1,69,83,2,7,3
1,69,83,2,7,3
1,69,85,2,2,1
1,7,14,2,3,1
1,7,16,2,3,2
1,7,16,2,3,2
1,7,16,2,3,2
1,7,19,2,3,2
1,7,20,2,6,3
1,7,20,2,6,3
1,7,21,2,6,4
1,7,37,2,2,1
1,7,38,2,2,1
1,7,43,2,2,2
1,7,47,2,3,3
1,7,48,2,4,3
1,7,48,2,4,3
1,7,62,2,2,2
1,7,63,2,2,2
1,7,64,2,2,2
1,7,87,2,4,3
1,7,87,2,4,3
1,7,89,2,3,2
1,7,89,2,3,2
1,7,91,2,5,3
1,7,91,2,5,3
1,70,1,2,11,7
1,70,2,2,10,6
1,70,26,2,10,7
1,70,29,2,8,6
1,70,3,2,9,6
1,70,35,2,6,4
1,70,4,2,6,5
1,70,50,2,7,5
1,70,52,2,6,5
1,70,53,2,7,5
1,70,55,2,5,3
1,70,56,2,4,4
1,70,56,2,4,4
1,70,59,2,3,3
1,70,6,2,7,5
1,70,60,2,3,3
1,70,7,2,8,5
1,70,75,2,6,5
1,70,75,2,6,5
1,70,76,2,7,5
1,70,77,2,6,5
1,70,78,2,7,5
1,70,80,2,5,4
1,70,81,2,5,4
1,70,81,2,5,4
1,70,82,2,6,5
1,70,83,2,8,4
1,70,84,2,4,3
1,70,9,2,4,4
1,71,0,2,7,5
1,71,1,2,9,7
1,71,2,2,7,6
1,71,28,2,9,7
1,71,30,2,8,6
1,71,36,2,6,5
1,71,57,2,4,4
1,71,57,2,4,4
1,71,61,2,5,5
1,71,61,2,5,5
1,71,61,2,5,5
1,71,61,2,5,5
1,71,77,2,6,5
1,71,78,2,7,5
1,71,79,2,4,3
1,71,81,2,5,4
1,71,82,2,6,5
1,71,82,2,6,5
1,71,82,2,6,5
1,71,83,2,8,4
1,71,83,2,8,4
1,71,83,2,8,4
1,72,0,2,6,4
1,72,1,2,8,6
1,72,2,2,6,5
1,72,29,2,6,5
1,72,32,2,6,5
1,72,32,2,6,5
1,72,34,2,4,4
1,72,35,2,6,3
1,72,4,2,4,4
1,72,50,2,8,5
1,72,52,2,8,4
1,72,75,2,5,4
1,72,78,2,6,4
1,72,79,2,4,3
1,72,82,2,5,4
1,72,86,2,4,3
1,73,1,2,9,7
1,73,2,2,7,6
1,73,25,2,8,6
1,73,25,2,8,6
1,73,27,2,8,7
1,73,28,2,8,7
1,73,29,2,7,6
1,73,29,2,7,6
1,73,30,2,7,6
1,73,33,2,6,4
1,73,35,2,7,4
1,73,36,2,5,5
1,73,5,2,6,5
1,73,51,2,8,4
1,73,51,2,8,4
1,73,52,2,9,5
1,73,54,2,5,4
1,73,55,2,5,3
1,73,57,2,5,4
1,73,57,2,5,4
1,73,60,2,4,3
1,73,77,2,6,5
1,73,77,2,6,5
1,73,79,2,4,3
1,73,82,2,7,5
1,73,82,2,7,5
1,73,84,2,3,3
1,73,84,2,3,3
1,73,85,2,3,2
1,74,0,2,7,5
1,74,11,2,4,4
1,74,11,2,4,4
1,74,2,2,8,6
1,74,25,2,9,6
1,74,26,2,10,7
1,74,26,2,10,7
1,74,27,2,9,7
1,74,27,2,9,7
1,74,28,2,9,7
1,74,30,2,8,6
1,74,33,2,7,4
1,74,34,2,6,5
1,74,34,2,6,5
1,74,57,2,6,4
1,74,59,2,5,3
1,74,61,2,9,5
1,74,75,2,7,5
1,74,75,2,7,5
1,74,76,2,7,5
1,74,76,2,7,5
1,74,79,2,4,3
1,74,80,2,6,4
1,74,80,2,6,4
1,74,82,2,7,5
1,74,84,2,3,3
1,74,86,2,5,4
1,75,15,2,7,3
1,75,21,2,10,6
1,75,23,2,9,5
1,75,23,2,9,5
1,75,38,2,6,3
1,75,46,2,6,4
1,75,63,2,3,3
1,75,64,2,5,3
1,75,65,2,5,3
1,75,65,2,5,3
1,75,65,2,5,3
1,75,66,2,5,4
1,75,67,2,5,3
1,75,69,2,4,3
1,75,69,2,4,3
1,75,89,2,3,2
1,75,90,2,4,2
1,75,94,2,6,3
1,75,96,2,8,4
1,75,96,2,8,4
1,75,99,2,6,4
1,76,14,2,5,4
1,76,16,2,7,5
1,76,17,2,6,4
1,76,19,2,5,4
1,76,22,2,7,5
1,76,24,2,7,5
1,76,42,2,5,4
1,76,63,2,3,3
1,76,64,2,4,3
1,76,65,2,4,4
1,76,68,2,4,4
1,76,69,2,4,4
1,76,70,2,6,5
1,76,70,2,6,5
1,76,74,2,5,5
1,76,74,2,5,5
1,76,89,2,3,2
1,76,96,2,8,4
1,77,12,2,6,3
1,77,15,2,6,3
1,77,16,2,7,4
1,77,16,2,7,4
1,77,39,2,4,2
1,77,42,2,5,5
1,77,45,2,6,5
1,77,46,2,5,4
1,77,46,2,5,4
1,77,46,2,5,4
1,77,49,2,5,5
1,77,62,2,4,3
1,77,74,2,5,4
1,77,87,2,3,2
1,77,93,2,4,3
1,77,94,2,6,3
1,77,96,2,8,4
1,77,97,2,7,4
1,78,13,2,5,4
1,78,16,2,8,5
1,78,19,2,5,4
1,78,23,2,9,5
1,78,23,2,9,5
1,78,24,2,8,5
1,78,38,2,6,3
1,78,43,2,5,4
1,78,45,2,6,5
1,78,63,2,3,3
1,78,67,2,4,4
1,78,71,2,7,5
1,78,73,2,5,5
1,78,74,2,5,5
1,78,74,2,5,5
1,78,87,2,4,2
1,78,89,2,4,2
1,78,90,2,5,3
1,78,92,2,8,3
1,78,93,2,4,3
1,78,93,2,4,3
1,78,97,2,8,4
1,79,19,2,5,3
1,79,21,2,8,5
1,79,37,2,3,2
1,79,38,2,3,2
1,79,39,2,3,3
1,79,40,2,3,3
1,79,43,2,3,3
1,79,66,2,4,3
1,79,69,2,3,2
1,79,70,2,5,3
1,79,71,2,5,3
1,79,73,2,4,3
1,79,91,2,3,1
1,79,93,2,3,2
1,79,95,2,4,3
1,8,13,2,1,1
1,8,13,2,1,1
1,8,16,2,1,1
1,8,24,2,2,2
1,8,39,2,0,0
1,8,48,2,2,2
1,8,62,2,1,1
1,8,63,2,1,1
1,8,64,2,1,1
1,8,68,2,4,2
1,8,87,2,2,2
1,8,90,2,2,2
1,8,92,2,3,2
1,8,94,2,2,2
1,8,97,2,5,3
1,80,17,2,4,3
1,80,17,2,4,3
1,80,19,2,5,3
1,80,19,2,5,3
1,80,20,2,6,5
1,80,37,2,4,2
1,80,39,2,3,3
1,80,42,2,4,3
1,80,46,2,4,3
1,80,63,2,2,2
1,80,63,2,2,2
1,80,64,2,3,2
1,80,68,2,3,2
1,80,88,2,1,1
1,80,89,2,1,1
1,80,90,2,1,1
1,80,93,2,2,2
1,80,94,2,3,2
1,80,94,2,3,2
1,80,97,2,5,3
1,80,99,2,4,3
1,81,20,2,7,5
1,81,39,2,4,3
1,81,47,2,5,4
1,81,62,2,3,2
1,81,65,2,3,3
1,81,69,2,3,3
1,81,69,2,3,3
1,81,70,2,5,4
1,81,72,2,4,3
1,81,74,2,4,4
1,81,88,2,2,2
1,81,89,2,2,1
1,81,89,2,2,1
1,81,89,2,2,1
1,81,91,2,3,2
1,81,92,2,5,2
1,81,93,2,3,2
1,81,93,2,3,2
1,82,13,2,7,3
1,82,15,2,4,3
1,82,18,2,6,3
1,82,20,2,7,5
1,82,38,2,5,2
1,82,40,2,4,2
1,82,42,2,4,4
1,82,67,2,4,3
1,82,69,2,4,3
1,82,70,2,5,4
1,82,70,2,5,4
1,82,71,2,6,4
1,82,74,2,5,4
1,82,89,2,2,1
1,82,97,2,6,4
1,82,98,2,4,4
1,83,20,2,5,4
1,83,21,2,6,4
1,83,22,2,4,3
1,83,22,2,4,3
1,83,22,2,4,3
1,83,23,2,5,3
1,83,43,2,3,3
1,83,43,2,3,3
1,83,44,2,3,3
1,83,45,2,5,4
1,83,45,2,5,4
1,83,45,2,5,4
1,83,46,2,4,3
1,83,48,2,4,3
1,83,62,2,2,2
1,83,64,2,2,2
1,83,68,2,3,2
1,83,92,2,4,2
1,83,97,2,5,3
1,84,13,2,6,3
1,84,14,2,4,2
1,84,20,2,6,3
1,84,21,2,7,4
1,84,23,2,6,3
1,84,24,2,5,3
1,84,43,2,3,2
1,84,43,2,3,2
1,84,43,2,3,2
1,84,47,2,4,3
1,84,62,2,2,1
1,84,64,2,2,1
1,84,66,2,3,2
1,84,66,2,3,2
1,84,67,2,2,2
1,84,70,2,4,3
1,84,70,2,4,3
1,84,72,2,3,2
1,84,73,2,3,3
1,84,95,2,3,2
1,84,99,2,4,2
1,85,13,2,6,3
1,85,21,2,5,3
1,85,23,2,4,3
1,85,24,2,4,2
1,85,38,2,4,2
1,85,39,2,2,2
1,85,46,2,3,2
1,85,46,2,3,2
1,85,64,2,1,1
1,85,66,2,3,2
1,85,68,2,2,1
1,85,71,2,4,2
1,85,87,2,0,0
1,85,88,2,0,0
1,85,90,2,0,0
1,85,94,2,2,1
1,85,95,2,3,2
1,85,95,2,3,2
1,86,15,2,3,2
1,86,15,2,3,2
1,86,17,2,4,3
1,86,18,2,3,2
1,86,19,2,5,2
1,86,20,2,6,4
1,86,22,2,5,4
1,86,23,2,6,4
1,86,39,2,2,2
1,86,39,2,2,2
1,86,42,2,3,2
1,86,42,2,3,2
1,86,44,2,2,2
1,86,45,2,4,3
1,86,47,2,4,3
1,86,62,2,1,1
1,86,73,2,3,3
1,86,87,2,1,1
1,86,87,2,1,1
1,86,87,2,1,1
1,86,88,2,1,1
1,86,89,2,0,0
1,86,95,2,4,3
1,86,97,2,4,3
1,87,0,2,4,4
1,87,25,2,3,3
1,87,25,2,3,3
1,87,26,2,4,3
1,87,29,2,3,3
1,87,3,2,4,3
1,87,30,2,3,2
1,87,53,2,4,3
1,87,55,2,2,1
1,87,57,2,2,1
1,87,75,2,3,2
1,87,75,2,3,2
1,87,76,2,4,2
1,87,77,2,3,2
1,87,8,2,4,3
1,88,10,2,4,3
1,88,2,2,9,5
1,88,2,2,9,5
1,88,25,2,4,3
1,88,26,2,5,3
1,88,50,2,5,3
1,88,55,2,3,1
1,88,58,2,1,1
1,88,59,2,1,1
1,88,75,2,3,2
1,88,8,2,4,3
1,88,80,2,2,1
1,88,81,2,2,2
1,88,82,2,3,2
1,88,82,2,3,2
1,88,83,2,1,1
1,88,83,2,1,1
1,88,84,2,1,1
1,88,86,2,2,1
1,89,11,2,2,2
1,89,11,2,2,2
1,89,27,2,3,2
1,89,27,2,3,2
1,89,28,2,3,2
1,89,4,2,2,2
1,89,50,2,3,2
1,89,51,2,2,2
1,89,54,2,1,1
1,89,56,2,1,1
1,89,56,2,1,1
1,89,57,2,1,1
1,89,57,2,1,1
1,89,57,2,1,1
1,89,75,2,2,2
1,89,8,2,2,2
1,89,82,2,2,1
1,89,84,2,0,0
1,89,85,2,0,0
1,89,86,2,0,0
1,9,16,2,2,1
1,9,18,2,1,1
1,9,19,2,1,1
1,9,19,2,1,1
1,9,20,2,3,2
1,9,23,2,2,2
1,9,38,2,0,0
1,9,40,2,0,0
1,9,41,2,1,1
1,9,48,2,2,2
1,9,69,2,2,2
1,9,70,2,3,3
1,9,72,2,2,2
1,9,73,2,3,3
1,9,74,2,3,3
1,9,89,2,1,1
1,9,90,2,2,2
1,9,97,2,3,3
1,9,97,2,3,3
1,9,97,2,3,3
1,9,97,2,3,3
1,9,97,2,3,3
1,9,98,2,4,3
1,9,98,2,4,3
1,90,10,2,5,3
1,90,26,2,5,3
1,90,28,2,5,3
1,90,33,2,3,3
1,90,4,2,4,4
1,90,50,2,4,3
1,90,51,2,3,2
1,90,51,2,3,2
1,90,52,2,4,3
1,90,53,2,4,3
1,90,59,2,1,1
1,90,6,2,4,4
1,90,80,2,2,1
1,90,82,2,3,2
1,90,83,2,1,1
1,91,2,2,5,3
1,91,26,2,5,3
1,91,26,2,5,3
1,91,3,2,5,5
1,91,3,2,5,5
1,91,30,2,4,2
1,91,31,2,3,2
1,91,32,2,4,3
1,91,35,2,6,3
1,91,35,2,6,3
1,91,51,2,4,2
1,91,52,2,4,3
1,91,55,2,3,1
1,91,56,2,3,2
1,91,60,2,1,1
1,91,61,2,1,1
1,91,81,2,2,2
1,91,83,2,1,1
1,91,86,2,1,1
1,91,86,2,1,1
1,91,9,2,5,3
1,91,9,2,5,3
1,92,0,2,5,5
1,92,11,2,5,4
1,92,26,2,7,4
1,92,30,2,5,3
1,92,30,2,5,3
1,92,35,2,5,4
1,92,35,2,5,4
1,92,36,2,5,4
1,92,4,2,6,5
1,92,4,2,6,5
1,92,5,2,7,5
1,92,5,2,7,5
1,92,5,2,7,5
1,92,52,2,6,3
1,92,7,2,7,5
1,92,7,2,7,5
1,92,75,2,4,3
1,92,83,2,3,2
1,92,86,2,3,2
1,93,1,2,10,6
1,93,10,2,4,3
1,93,27,2,8,6
1,93,28,2,8,6
1,93,29,2,7,5
1,93,31,2,6,5
1,93,35,2,4,3
1,93,36,2,5,4
1,93,5,2,6,4
1,93,51,2,4,3
1,93,52,2,5,3
1,93,52,2,5,3
1,93,53,2,5,4
1,93,55,2,3,2
1,93,56,2,3,3
1,93,56,2,3,3
1,93,56,2,3,3
1,93,58,2,2,2
1,93,6,2,5,4
1,93,7,2,7,4
1,93,7,2,7,4
1,93,75,2,4,3
1,93,79,2,3,2
1,93,81,2,3,2
1,93,9,2,4,3
1,94,10,2,4,3
1,94,11,2,5,3
1,94,2,2,10,5
1,94,27,2,6,6
1,94,3,2,9,5
1,94,3,2,9,5
1,94,30,2,5,5
1,94,30,2,5,5
1,94,34,2,6,4
1,94,52,2,5,3
1,94,53,2,5,4
1,94,55,2,3,2
1,94,55,2,3,2
1,94,56,2,3,3
1,94,59,2,2,2
1,94,60,2,2,2
1,94,7,2,8,4
1,94,75,2,4,3
1,94,75,2,4,3
1,94,78,2,6,3
1,94,80,2,4,2
1,94,82,2,4,3
1,95,1,2,10,7
1,95,10,2,6,4
1,95,11,2,6,4
1,95,2,2,10,6
1,95,26,2,10,7
1,95,3,2,9,6
1,95,3,2,9,6
1,95,34,2,5,5
1,95,34,2,5,5
1,95,4,2,6,5
1,95,52,2,7,4
1,95,53,2,7,5
1,95,54,2,5,3
1,95,58,2,4,3
1,95,77,2,6,4
1,95,80,2,5,3
1,95,81,2,5,3
1,95,81,2,5,3
1,95,82,2,6,4
1,95,83,2,4,4
1,95,86,2,5,3
1,96,10,2,7,4
1,96,10,2,7,4
1,96,26,2,11,5
1,96,28,2,10,5
1,96,28,2,10,5
1,96,3,2,10,6
1,96,4,2,7,5
1,96,5,2,8,5
1,96,53,2,7,5
1,96,54,2,5,3
1,96,56,2,5,4
1,96,58,2,4,3
1,96,6,2,7,5
1,96,7,2,8,5
1,96,7,2,8,5
1,96,77,2,5,4
1,96,79,2,6,3
1,97,1,2,12,7
1,97,10,2,6,4
1,97,11,2,6,4
1,97,2,2,10,6
1,97,26,2,11,7
1,97,29,2,9,6
1,97,3,2,9,6
1,97,31,2,8,6
1,97,34,2,7,5
1,97,36,2,7,5
1,97,36,2,7,5
1,97,51,2,6,4
1,97,55,2,5,3
1,97,55,2,5,3
1,97,6,2,7,5
1,97,75,2,6,4
1,97,8,2,5,4
1,97,81,2,5,3
1,97,81,2,5,3
1,97,82,2,6,4
1,97,83,2,4,3
1,97,83,2,4,3
1,97,85,2,4,2
1,97,86,2,5,3
1,98,25,2,9,6
1,98,25,2,9,6
1,98,35,2,5,4
1,98,52,2,6,4
1,98,54,2,4,3
1,98,58,2,3,3
1,98,58,2,3,3
1,98,60,2,3,3
1,98,61,2,6,5
1,98,61,2,6,5
1,98,76,2,6,4
1,98,8,2,4,4
1,98,80,2,4,3
1,98,80,2,4,3
1,98,80,2,4,3
1,99,10,2,5,4
1,99,11,2,6,4
1,99,26,2,10,7
1,99,33,2,8,4
1,99,50,2,6,5
1,99,51,2,5,4
1,99,52,2,6,4
1,99,52,2,6,4
1,99,53,2,6,5
1,99,58,2,3,3
1,99,60,2,3,3
1,99,61,2,6,5
1,99,7,2,8,5
1,99,79,2,5,3
1,99,83,2,3,3
1,99,83,2,3,3
1,99,83,2,3,3
1,99,84,2,4,2
1,99,85,2,3,2
