100
83.85854,15.98808
18.07248,7.227812
163.4769,36.85414
178.1541,40.67023
417.1695,78.94836
354.9711,144.1428
405.0838,114.8571
330.3437,90.81893
587.9745,111.4094
600.5903,151.8361
536.3431,37.71337
505.0011,106.0235
856.8668,82.55136
892.5501,50.49363
815.5378,11.63964
779.4799,29.42018
1049.02,100.4141
948.5128,125.0746
956.1786,73.44031
900.2013,0.1642091
1236.626,18.16954
1334.417,33.45886
1218.034,114.2829
1180.537,56.95274
1167.576,107.7919
202.0283,176.0043
15.65064,188.6859
53.09871,182.6186
188.314,227.4249
271.5547,194.8246
277.2219,237.3981
359.5604,287.2489
225.3779,224.9052
494.165,189.8155
553.7973,271.8561
512.5807,187.5746
597.2968,269.8895
764.6304,205.8531
731.2209,168.1083
719.2805,179.1347
724.0166,262.0308
915.8997,316.2648
932.5509,222.218
920.0789,242.4036
981.7195,176.4604
1328.257,297.3964
1172.949,289.8908
1288.674,167.8548
1231.466,188.0681
1163.322,167.0268
112.6771,335.5012
196.6937,404.4248
85.20168,437.9222
95.69204,382.3237
393.3918,473.1904
418.3331,447.5627
269.1446,335.9255
442.5737,417.3398
533.7787,422.0987
586.7061,420.008
512.1628,432.1498
625.2127,380.5676
840.5156,390.3512
878.1893,458.5532
877.3538,379.9784
845.1838,335.8282
1084.313,348.3146
1032.014,343.4835
1063.699,412.038
1027.22,390.4706
1332.799,437.1333
1286.94,390.4302
1169.959,343.8409
1264.276,344.2045
1304.037,345.7038
147.8356,620.4573
123.1207,573.7248
168.2959,610.0798
66.72504,561.6072
394.9546,632.1931
404.0344,571.5071
327.269,542.8743
262.5983,604.894
658.6998,485.5189
555.1824,614.6064
637.1307,611.3973
456.5846,510.6354
819.088,570.8149
881.8941,538.2646
703.2127,578.8616
846.2183,605.49
901.6486,603.3921
1053.514,626.0898
1016.607,523.6506
988.8593,610.0754
1307.354,520.9989
1298.475,584.5275
1259.293,543.6507
1177.52,539.4267
1177.006,553.8442
1,2,3,27,26,25,28,32,7,29,30,5,50,6,4,53,56,31,51,52,11,33,10,35,8,9,34,57,78,55,54,76,36,81,60,77,58,75,82,86,80,59,61,79,15,14,83,84,12,13,85,19,89,17,18,44,16,24,49,23,22,20,48,47,21,39,38,40,37,65,62,43,64,42,41,63,87,88,90,67,91,69,66,68,93,94,46,72,92,98,99,73,71,74,45,97,70,95,96
00066,00082,00097,00169,00185,00198,00235,00252,00257,00259,00293,00299,00320,00336,00339,00366,00369,00386,00404,00421,00430,00445,00453,00461,00513,00534,00535,00538,00545,00546,00552,00559,00572,00580,00597,00600,00606,00607,00615,00619,00641,00645,00652,00690,00695,00731,00742,00761,00775,00809,00812,00816,00836,00871,00874,00912,00968,01087,01089,01097,01138,01152,01160,01214,01250,01998,02006,02027,02048,02167,02186,02208,02214,02215,02226,02251,02263,02295,02305,02345,02348,02356,02396,02398,02403,02424,02465,02476,02487,02554,02560,02567,02602,02605,02617,02630,02660,02665,02683
10
0,2,3,27,26,25,28,32,29,7,50,30,5,53,6,4,56,51,52,31,11,33,10,35,78,76,8,57,55,34,54,9,81,77,75,36,82,60,58,86,80,59,61,39,79,38,40,15,37,14,83,84,12,85,13,19,65,89,62,43,64,17,42,18,41,63,44,87,88,90,16,91,67,69,66,68,93,94,24,49,23,46,72,22,92,20,48,98,47,99,73,21,71,74,45,97,70,95,96
00066,00148,00163,00178,00181,00249,00278,00300,00315,00323,00341,00346,00363,00383,00401,00405,00413,00435,00435,00441,00496,00509,00519,00526,00556,00576,00579,00590,00595,00597,00598,00600,00618,00621,00626,00635,00645,00651,00661,00667,00683,00702,00712,00721,00729,00731,00750,00761,00772,00797,00799,00810,00842,00865,00875,00882,00889,00892,00907,00932,00936,00937,00939,00940,00949,00971,00978,00979,01013,01021,01035,01065,01068,01079,01119,01121,01124,01142,01153,01156,01163,01188,01200,01204,01206,01218,01226,01275,01280,01281,01290,01316,01325,01329,01341,01352,01383,01387,01404
6
3,0,25,1,7,27,29,28,32,26,5,30,6,4,50,56,31,11,53,33,51,10,35,52,8,9,34,57,55,36,54,60,81,78,58,76,86,59,39,77,61,82,38,75,80,40,15,37,79,14,83,12,84,13,19,65,85,62,89,43,17,42,64,18,41,63,44,87,88,16,90,67,91,69,66,68,93,94,24,49,23,46,72,22,92,20,48,98,47,99,73,21,71,74,45,97,70,95,96
00015,00082,00144,00148,00175,00182,00191,00192,00197,00211,00219,00230,00253,00257,00302,00317,00318,00348,00352,00364,00369,00372,00380,00408,00430,00451,00455,00471,00483,00492,00493,00527,00531,00533,00534,00538,00557,00570,00573,00573,00575,00576,00582,00583,00586,00604,00616,00624,00638,00652,00668,00694,00698,00729,00737,00744,00744,00763,00764,00784,00789,00791,00792,00793,00802,00829,00830,00845,00876,00887,00888,00921,00930,00933,00972,00975,00982,01004,01006,01008,01017,01040,01052,01057,01067,01073,01078,01131,01132,01137,01142,01170,01177,01181,01193,01207,01235,01242,01260
14
2,0,25,7,1,29,28,27,32,5,26,30,6,4,50,31,56,11,33,53,10,51,35,52,8,9,34,57,55,36,54,60,58,81,78,76,86,59,39,61,38,77,82,80,75,40,15,37,79,14,83,12,84,13,19,65,85,62,89,43,17,42,64,18,41,44,63,87,88,16,90,67,91,69,66,68,93,94,24,49,23,46,72,22,92,20,48,98,47,99,73,21,71,74,45,97,70,95,96
00015,00097,00137,00160,00163,00180,00187,00189,00190,00204,00219,00220,00238,00242,00302,00306,00308,00333,00349,00351,00358,00364,00365,00407,00415,00436,00441,00460,00472,00477,00483,00514,00521,00523,00532,00535,00546,00557,00558,00561,00567,00569,00570,00576,00580,00589,00601,00609,00630,00638,00654,00680,00686,00714,00723,00729,00732,00748,00751,00768,00774,00775,00777,00778,00787,00814,00815,00831,00861,00872,00874,00905,00916,00918,00956,00960,00967,00990,00991,00993,01002,01025,01037,01042,01053,01058,01063,01116,01117,01122,01127,01156,01162,01166,01178,01192,01220,01227,01245
14
6,7,5,11,10,33,35,8,29,9,30,31,25,34,32,3,2,36,28,56,39,38,0,57,40,58,15,60,61,55,37,27,59,51,54,50,14,1,26,86,12,53,81,83,13,52,19,80,65,62,43,17,42,18,82,64,41,79,84,44,76,89,85,77,78,63,75,16,87,88,67,90,69,91,66,68,93,24,49,23,94,46,72,22,20,48,92,47,73,98,99,21,71,74,45,97,70,95,96
00037,00087,00090,00091,00126,00134,00144,00173,00186,00197,00211,00216,00236,00236,00241,00242,00257,00262,00272,00296,00318,00326,00339,00339,00357,00362,00365,00365,00366,00368,00369,00378,00380,00393,00394,00398,00404,00405,00416,00433,00439,00442,00472,00472,00476,00488,00489,00492,00499,00525,00528,00533,00534,00539,00548,00549,00552,00553,00553,00572,00575,00575,00576,00586,00596,00597,00604,00632,00635,00653,00669,00679,00684,00713,00719,00727,00746,00750,00751,00763,00780,00784,00798,00801,00821,00821,00839,00876,00887,00888,00896,00918,00923,00926,00936,00961,00983,00993,01016
19
6,7,4,29,30,31,33,32,11,25,35,28,3,10,56,2,8,34,9,36,57,0,27,51,50,55,60,58,54,26,53,61,59,1,39,38,86,40,52,81,37,80,15,83,82,14,76,79,77,12,78,84,75,65,62,13,85,89,19,43,64,42,41,17,18,63,44,87,88,90,16,67,91,69,66,68,93,94,49,24,23,46,72,92,22,48,20,98,99,73,47,71,74,21,45,97,70,95,96
00058,00058,00090,00097,00121,00143,00146,00152,00154,00156,00163,00186,00204,00210,00210,00219,00235,00236,00245,00273,00286,00299,00304,00304,00308,00309,00328,00330,00331,00342,00352,00359,00360,00363,00365,00377,00380,00387,00398,00399,00414,00430,00439,00456,00469,00479,00488,00489,00501,00505,00507,00511,00519,00526,00544,00545,00545,00557,00563,00573,00573,00582,00586,00593,00605,00610,00627,00630,00658,00673,00695,00705,00713,00715,00757,00757,00762,00786,00808,00813,00830,00830,00839,00848,00863,00877,00890,00912,00918,00931,00934,00963,00970,00985,00985,00988,01020,01024,01041
20
4,5,7,11,33,35,10,29,30,31,8,9,32,25,34,3,28,36,2,56,57,39,38,55,58,60,0,61,40,59,51,27,54,50,37,15,26,86,1,53,14,81,83,12,52,80,13,65,19,82,62,79,84,43,42,76,64,17,77,85,41,89,18,78,75,44,63,87,88,16,90,67,69,91,66,68,93,49,24,94,23,46,72,22,92,48,20,98,47,99,73,71,74,21,45,97,70,95,96
00037,00058,00078,00100,00116,00129,00152,00155,00177,00178,00182,00198,00210,00212,00216,00238,00244,00246,00253,00259,00304,00320,00330,00332,00333,00334,00336,00345,00351,00355,00356,00358,00358,00366,00370,00384,00396,00399,00401,00408,00423,00435,00449,00452,00454,00456,00491,00492,00508,00510,00515,00517,00521,00530,00538,00538,00541,00543,00548,00548,00549,00551,00552,00560,00567,00579,00584,00615,00637,00644,00659,00667,00680,00696,00718,00722,00735,00760,00762,00765,00777,00787,00798,00812,00825,00829,00837,00881,00885,00888,00889,00923,00928,00932,00941,00955,00982,00989,01009
20
5,6,4,29,25,30,3,32,11,2,33,28,31,35,10,56,0,8,9,34,27,36,1,50,26,51,57,55,53,60,54,58,39,38,61,59,52,40,86,37,81,15,80,14,83,82,76,12,78,77,79,75,13,65,84,19,62,85,43,89,42,64,17,18,41,44,63,87,88,16,90,67,69,91,66,68,93,49,24,94,23,46,72,22,92,48,20,98,47,99,73,71,21,74,45,97,70,95,96
00058,00078,00087,00119,00154,00155,00160,00170,00175,00175,00191,00197,00198,00206,00212,00252,00257,00258,00277,00287,00292,00321,00323,00327,00329,00340,00345,00367,00374,00386,00387,00388,00398,00408,00413,00417,00424,00429,00438,00449,00452,00453,00486,00491,00513,00518,00525,00526,00539,00543,00545,00560,00563,00570,00570,00577,00591,00604,00608,00614,00616,00618,00619,00626,00627,00656,00659,00685,00710,00718,00728,00745,00758,00767,00796,00800,00811,00836,00837,00838,00850,00865,00876,00888,00899,00906,00909,00958,00961,00965,00967,01002,01005,01006,01019,01033,01060,01067,01086
18
9,11,10,35,33,39,38,36,34,4,6,37,40,15,5,14,7,12,61,31,59,13,58,29,60,19,30,57,65,43,17,42,18,55,62,32,83,41,56,25,64,44,54,3,28,86,2,63,16,89,51,80,67,85,81,84,0,87,88,69,50,27,66,79,90,53,68,26,49,1,24,91,82,93,23,52,46,72,22,94,48,77,20,76,75,78,92,47,73,98,99,21,71,74,45,97,70,95,96
00042,00083,00089,00107,00122,00147,00154,00158,00164,00173,00182,00200,00202,00208,00235,00248,00258,00270,00271,00288,00308,00310,00315,00327,00329,00331,00335,00338,00341,00357,00360,00361,00370,00376,00376,00379,00380,00386,00389,00391,00394,00399,00410,00415,00416,00420,00430,00452,00461,00481,00488,00495,00501,00502,00504,00504,00513,00514,00518,00520,00525,00539,00549,00555,00557,00561,00562,00577,00578,00579,00579,00583,00591,00594,00595,00599,00611,00626,00630,00639,00648,00651,00655,00655,00672,00688,00693,00702,00715,00728,00736,00750,00752,00753,00763,00798,00812,00827,00853
19
8,35,11,33,36,39,34,10,38,40,37,4,6,15,61,5,14,12,59,31,7,58,60,65,57,13,29,43,30,19,62,83,42,55,17,41,64,18,56,44,32,54,86,25,63,28,3,89,16,2,85,80,84,67,87,51,81,88,69,90,50,66,79,68,0,91,27,53,93,49,82,24,26,23,46,52,1,72,94,22,77,48,76,20,75,92,78,47,73,98,99,71,74,45,21,97,70,95,96
00042,00094,00106,00112,00118,00121,00128,00130,00131,00165,00172,00197,00198,00216,00230,00245,00256,00265,00268,00276,00277,00278,00293,00306,00308,00309,00331,00332,00334,00335,00338,00338,00339,00347,00348,00355,00358,00364,00379,00381,00382,00382,00386,00399,00413,00419,00436,00439,00451,00451,00461,00463,00464,00472,00472,00476,00477,00477,00488,00515,00521,00522,00522,00531,00534,00542,00548,00555,00557,00562,00565,00568,00586,00587,00588,00589,00600,00600,00600,00618,00629,00631,00637,00649,00651,00655,00672,00688,00691,00695,00702,00726,00729,00742,00743,00766,00785,00797,00821
19
11,8,4,9,35,6,33,5,7,39,34,38,36,15,14,37,40,31,29,12,30,61,13,3,25,32,19,2,58,59,57,60,28,56,17,18,55,65,43,42,0,54,83,62,44,41,86,64,51,27,16,50,1,26,63,81,80,53,89,84,67,85,52,87,69,88,79,66,82,24,49,23,68,90,91,76,77,93,46,22,20,75,72,78,48,94,47,92,73,21,98,99,74,71,45,97,70,95,96
00075,00089,00126,00130,00151,00152,00157,00210,00212,00231,00234,00234,00240,00243,00280,00283,00292,00305,00307,00323,00327,00354,00356,00358,00361,00362,00365,00372,00384,00385,00391,00395,00396,00400,00421,00421,00426,00429,00434,00437,00453,00458,00464,00465,00466,00470,00479,00483,00499,00504,00516,00517,00519,00542,00542,00546,00549,00559,00566,00577,00582,00582,00603,00603,00604,00608,00611,00629,00629,00635,00640,00644,00646,00646,00673,00676,00680,00683,00684,00685,00700,00700,00703,00703,00711,00729,00763,00783,00789,00798,00814,00822,00827,00829,00833,00882,00890,00909,00938
14
10,35,8,33,4,6,9,5,34,7,36,39,31,38,29,30,40,37,15,61,32,25,57,58,14,59,60,56,3,28,2,12,55,54,13,86,19,83,65,51,0,43,62,17,42,18,50,27,41,64,81,80,44,53,1,26,84,89,63,85,52,79,16,82,87,88,67,69,76,90,77,75,66,78,91,68,93,49,24,23,46,94,72,22,48,20,92,47,73,98,99,21,71,74,45,97,70,95,96
00075,00081,00083,00084,00091,00100,00106,00154,00172,00175,00188,00226,00232,00234,00249,00262,00268,00278,00284,00299,00303,00310,00317,00317,00324,00324,00326,00329,00333,00339,00348,00352,00352,00383,00391,00407,00409,00409,00410,00429,00430,00436,00439,00443,00443,00452,00454,00458,00461,00462,00471,00476,00481,00493,00496,00496,00511,00512,00513,00522,00535,00537,00544,00554,00560,00573,00578,00594,00603,00604,00606,00626,00627,00632,00636,00637,00660,00661,00662,00677,00692,00698,00706,00713,00731,00736,00755,00786,00795,00800,00807,00832,00832,00834,00845,00872,00891,00903,00926
17
13,14,15,19,18,17,38,37,44,42,39,43,16,40,41,65,9,8,64,62,24,67,49,36,10,23,66,69,11,34,35,22,63,61,33,46,20,48,68,72,59,4,47,83,6,88,58,93,21,73,87,60,5,45,74,89,91,90,7,71,57,31,94,98,99,55,85,92,86,70,29,30,54,84,97,95,56,32,25,80,96,3,28,2,81,79,51,0,50,82,27,53,1,26,52,77,76,75,78
00047,00082,00093,00093,00099,00101,00152,00153,00156,00158,00168,00171,00192,00223,00241,00253,00265,00270,00298,00308,00311,00314,00317,00320,00323,00324,00349,00351,00352,00357,00359,00362,00376,00377,00378,00378,00385,00389,00389,00407,00432,00439,00440,00449,00452,00456,00468,00469,00480,00484,00489,00490,00505,00518,00518,00519,00522,00523,00526,00528,00532,00537,00543,00558,00569,00570,00572,00578,00586,00593,00595,00599,00606,00611,00612,00628,00640,00647,00661,00666,00668,00680,00684,00694,00701,00717,00734,00775,00786,00791,00809,00818,00842,00847,00849,00867,00882,00889,00924
18
12,19,18,14,17,15,44,16,42,43,38,37,39,41,40,24,23,65,49,9,8,67,64,22,62,20,66,10,48,69,36,46,11,68,35,72,34,63,47,33,61,21,73,4,59,88,93,6,83,45,74,58,71,87,60,5,91,90,89,7,98,94,99,57,31,70,92,97,85,55,95,86,29,30,54,84,96,56,32,25,3,80,28,2,81,79,51,0,50,82,27,53,1,26,52,77,76,75,78
00047,00050,00067,00086,00093,00115,00154,00164,00176,00193,00199,00201,00215,00266,00270,00280,00288,00289,00294,00309,00310,00324,00329,00331,00343,00345,00354,00356,00365,00365,00367,00368,00391,00400,00403,00403,00404,00408,00413,00422,00424,00442,00473,00476,00479,00487,00489,00491,00493,00500,00506,00516,00520,00525,00538,00545,00552,00556,00561,00563,00565,00567,00578,00580,00583,00585,00597,00614,00616,00618,00627,00633,00637,00643,00654,00657,00670,00685,00689,00701,00714,00714,00726,00729,00749,00765,00780,00809,00830,00839,00849,00863,00875,00887,00895,00915,00930,00937,00971
15
15,12,19,13,18,17,38,39,37,44,42,8,16,43,9,40,10,41,11,65,36,35,24,23,33,34,64,62,49,67,4,22,61,20,6,66,69,48,63,46,59,68,5,72,7,58,47,83,60,21,88,31,93,57,73,87,29,89,30,45,55,74,90,91,71,86,94,54,85,32,25,56,3,98,99,2,84,92,28,70,97,80,95,81,0,51,79,96,50,27,1,53,82,26,52,77,76,75,78
00040,00082,00085,00086,00153,00174,00177,00193,00200,00234,00240,00248,00249,00253,00256,00266,00280,00320,00324,00325,00338,00350,00364,00367,00367,00369,00373,00379,00380,00396,00404,00415,00415,00421,00423,00430,00433,00451,00451,00452,00468,00471,00479,00485,00491,00497,00498,00499,00518,00519,00530,00532,00550,00551,00558,00559,00573,00578,00583,00586,00589,00591,00594,00597,00604,00614,00623,00625,00625,00627,00635,00635,00638,00639,00651,00652,00656,00658,00663,00669,00692,00694,00708,00721,00731,00732,00749,00749,00773,00781,00797,00809,00810,00819,00845,00881,00891,00903,00929
16
14,12,13,19,38,39,37,18,17,8,9,40,10,42,44,43,16,11,36,35,65,41,33,34,64,4,62,61,6,24,23,67,49,59,69,5,63,66,22,7,20,58,46,83,68,48,60,31,72,57,88,47,29,87,30,93,55,21,89,73,86,90,91,32,54,25,56,85,3,45,74,2,94,71,28,84,98,92,99,80,81,70,51,0,97,79,95,50,27,96,1,53,82,26,52,77,76,75,78
00040,00093,00115,00124,00146,00161,00177,00182,00194,00208,00216,00239,00243,00246,00250,00255,00278,00284,00301,00310,00313,00317,00327,00331,00363,00365,00366,00383,00384,00395,00402,00403,00407,00435,00437,00439,00440,00441,00446,00453,00457,00463,00471,00471,00476,00479,00483,00492,00501,00513,00519,00527,00534,00542,00543,00548,00552,00554,00554,00578,00579,00579,00586,00587,00588,00595,00595,00599,00601,00610,00612,00616,00617,00622,00623,00626,00646,00656,00658,00659,00684,00687,00693,00695,00703,00714,00721,00733,00742,00759,00761,00769,00773,00780,00805,00843,00852,00865,00889
16
18,44,17,24,49,23,13,42,22,19,43,12,48,20,46,67,47,14,66,41,72,15,69,21,37,65,68,38,73,64,39,45,74,62,40,71,63,93,70,9,98,8,88,99,36,97,95,61,94,10,87,34,91,92,35,11,90,96,83,33,59,89,58,60,4,6,85,57,5,84,31,7,55,86,54,29,30,80,56,32,79,81,25,28,3,2,51,82,50,0,53,27,77,52,1,26,76,75,78
00096,00101,00103,00118,00132,00138,00164,00168,00169,00179,00191,00192,00202,00204,00226,00243,00248,00249,00250,00253,00271,00278,00290,00293,00303,00311,00311,00324,00325,00328,00339,00341,00353,00357,00362,00375,00396,00424,00440,00451,00457,00461,00468,00471,00482,00490,00493,00508,00513,00516,00523,00524,00524,00525,00543,00544,00544,00544,00548,00562,00562,00590,00607,00631,00632,00644,00656,00684,00695,00712,00714,00718,00719,00720,00754,00783,00783,00798,00814,00832,00842,00846,00850,00870,00872,00887,00904,00934,00965,00968,00994,00999,01017,01021,01035,01037,01039,01040,01085
21
18,44,13,42,12,16,43,19,14,41,15,37,49,24,38,67,65,39,23,66,40,64,22,69,46,62,48,20,68,72,63,47,9,8,36,73,21,93,61,45,74,88,10,34,71,35,11,33,83,87,59,98,91,99,94,90,70,58,92,89,97,4,60,95,6,85,96,57,5,31,7,55,86,84,54,29,30,80,56,32,25,81,79,28,3,2,51,82,50,0,53,27,52,77,26,1,76,75,78
00052,00061,00093,00098,00101,00103,00120,00133,00174,00193,00194,00200,00218,00219,00221,00233,00234,00235,00241,00261,00262,00264,00269,00276,00278,00286,00289,00307,00309,00311,00340,00342,00348,00360,00379,00384,00396,00404,00412,00417,00418,00418,00421,00421,00430,00440,00443,00458,00462,00464,00466,00473,00480,00485,00486,00491,00495,00510,00511,00515,00521,00533,00533,00534,00543,00577,00577,00584,00593,00610,00619,00620,00625,00627,00655,00680,00680,00704,00711,00729,00748,00748,00750,00767,00774,00789,00802,00837,00861,00871,00890,00897,00918,00918,00935,00937,00939,00941,00983
23
17,13,19,16,12,44,42,14,43,15,24,23,49,37,38,41,39,22,67,65,20,48,40,66,46,64,69,62,72,47,68,9,8,21,63,36,73,10,45,74,34,61,11,93,35,71,88,33,59,83,87,98,70,99,91,94,4,90,58,6,97,92,89,95,60,5,96,57,85,7,31,55,86,84,54,29,30,56,80,32,25,3,28,81,79,2,51,82,0,50,27,53,1,52,26,77,76,75,78
00052,00067,00092,00096,00099,00106,00150,00153,00172,00182,00214,00224,00227,00232,00244,00246,00259,00265,00280,00284,00285,00298,00299,00303,00306,00316,00324,00337,00344,00345,00355,00364,00370,00380,00392,00409,00410,00421,00434,00441,00448,00451,00452,00454,00458,00458,00470,00476,00506,00508,00515,00515,00523,00528,00532,00537,00539,00543,00547,00552,00559,00561,00565,00568,00570,00605,00615,00618,00625,00626,00633,00655,00663,00673,00690,00695,00698,00735,00743,00746,00761,00778,00783,00784,00791,00793,00828,00873,00874,00883,00909,00914,00940,00944,00947,00953,00971,00976,01014
18
13,14,18,12,15,17,16,44,42,38,43,37,39,23,24,49,40,41,8,9,20,22,65,10,67,48,64,66,62,46,36,11,69,47,35,21,72,34,68,33,63,61,4,73,6,45,59,74,93,88,83,71,58,5,87,7,60,91,98,90,89,31,70,94,57,99,92,97,55,29,95,85,30,86,54,84,96,32,56,25,3,2,28,80,81,79,51,0,50,27,82,1,53,26,52,77,76,75,78
00050,00085,00092,00093,00124,00133,00179,00194,00224,00238,00243,00246,00254,00286,00288,00311,00315,00316,00331,00335,00336,00337,00340,00365,00367,00380,00380,00393,00394,00397,00405,00409,00410,00423,00430,00435,00436,00440,00443,00448,00458,00469,00489,00500,00508,00521,00523,00531,00536,00538,00542,00549,00558,00563,00576,00577,00580,00603,00606,00607,00611,00612,00614,00616,00619,00619,00644,00651,00657,00658,00661,00665,00666,00676,00693,00704,00707,00711,00714,00719,00723,00737,00747,00756,00789,00809,00811,00816,00855,00866,00878,00882,00890,00904,00925,00952,00965,00975,01004
13
23,22,21,24,47,49,48,16,46,18,45,44,17,73,72,74,19,13,66,42,71,67,12,43,14,69,70,68,41,15,65,37,95,64,98,97,38,99,39,62,93,40,63,96,88,92,94,9,8,91,36,87,10,90,61,34,11,35,83,33,59,89,58,4,60,6,85,57,5,84,7,31,86,55,54,29,30,80,56,32,79,25,81,3,28,2,51,82,0,50,27,53,1,77,52,26,75,76,78
00068,00097,00098,00113,00158,00165,00169,00204,00279,00285,00293,00300,00307,00327,00332,00334,00336,00345,00363,00366,00375,00384,00385,00387,00421,00427,00429,00430,00437,00457,00504,00507,00507,00509,00524,00525,00527,00538,00541,00543,00551,00567,00567,00569,00629,00634,00641,00649,00655,00674,00687,00692,00700,00705,00710,00728,00736,00743,00743,00762,00764,00773,00810,00821,00834,00837,00843,00888,00890,00905,00909,00917,00922,00924,00958,00981,00984,00999,01018,01032,01041,01046,01049,01058,01068,01073,01109,01137,01152,01167,01194,01197,01218,01221,01225,01232,01244,01244,01289
8
20,22,47,23,24,48,49,45,16,46,74,73,72,71,18,44,17,66,70,67,19,13,42,43,68,69,12,95,41,97,14,98,99,96,15,64,65,93,37,62,38,63,39,40,92,94,88,91,9,87,8,90,36,61,10,83,34,11,89,35,59,33,58,85,60,4,6,57,84,5,86,55,7,31,54,80,29,30,56,79,32,81,25,3,28,2,51,82,0,50,53,27,77,52,1,75,76,26,78
00098,00141,00141,00155,00182,00185,00217,00264,00293,00303,00313,00318,00351,00360,00380,00380,00396,00402,00403,00433,00435,00442,00443,00464,00465,00470,00480,00488,00505,00515,00519,00529,00543,00552,00554,00573,00575,00584,00595,00609,00618,00623,00632,00651,00655,00672,00677,00715,00743,00744,00750,00752,00774,00789,00798,00812,00816,00832,00834,00836,00841,00854,00889,00905,00913,00918,00932,00970,00972,00985,00999,01005,01005,01007,01038,01074,01075,01076,01107,01114,01125,01128,01141,01156,01162,01170,01196,01214,01250,01258,01286,01289,01300,01313,01316,01323,01326,01327,01373
8
24,23,48,49,47,20,21,16,46,45,72,73,44,74,18,17,66,71,67,42,43,13,68,69,19,70,12,41,14,95,98,97,64,65,99,15,93,37,62,96,63,38,39,40,92,88,94,91,87,90,9,8,36,61,83,34,10,89,59,35,11,33,58,85,60,4,6,84,57,86,5,55,31,7,54,80,30,29,79,56,81,32,25,28,3,2,51,82,50,0,53,77,27,52,75,76,1,26,78
00050,00068,00074,00075,00088,00097,00141,00169,00181,00213,00234,00234,00244,00246,00265,00269,00269,00284,00295,00305,00324,00331,00335,00335,00337,00342,00362,00363,00415,00416,00427,00431,00432,00433,00441,00446,00456,00462,00467,00477,00483,00489,00502,00515,00537,00541,00546,00582,00606,00616,00618,00630,00639,00649,00671,00682,00685,00693,00701,00709,00713,00727,00750,00764,00774,00801,00812,00830,00832,00858,00863,00866,00875,00888,00899,00933,00948,00949,00972,00974,00988,00998,01017,01035,01042,01057,01061,01074,01127,01138,01153,01160,01166,01178,01183,01187,01204,01204,01235
17
24,20,22,49,16,48,47,21,18,44,46,17,45,19,72,13,42,73,66,74,43,67,12,71,14,69,41,68,15,70,65,37,64,38,62,39,95,98,97,93,99,40,63,96,88,92,94,9,8,91,36,87,61,90,10,34,83,11,35,59,33,89,58,4,60,85,6,57,5,84,7,31,86,55,54,29,30,80,56,32,79,81,25,3,28,2,51,82,0,50,53,27,77,52,1,26,75,76,78
00052,00068,00068,00111,00138,00140,00154,00155,00224,00231,00233,00241,00282,00286,00287,00288,00298,00299,00306,00314,00319,00322,00324,00350,00367,00367,00370,00373,00402,00409,00436,00441,00443,00462,00476,00477,00481,00482,00493,00494,00496,00500,00502,00540,00566,00583,00585,00587,00595,00613,00620,00628,00642,00642,00644,00662,00675,00677,00680,00696,00699,00707,00742,00763,00766,00776,00777,00821,00830,00837,00850,00852,00854,00856,00890,00919,00921,00931,00953,00969,00973,00981,00985,01002,01006,01017,01043,01069,01097,01103,01132,01134,01153,01159,01163,01172,01176,01176,01222
12
22,23,49,48,20,16,47,21,46,44,18,17,72,45,66,73,42,67,74,13,43,19,71,12,69,68,41,14,70,65,15,64,37,98,62,95,38,93,97,99,39,63,40,96,88,92,94,91,9,8,87,36,90,61,83,10,34,35,59,89,11,33,58,60,85,4,6,57,84,5,86,55,31,7,54,80,30,29,56,79,81,32,25,28,3,2,51,82,50,0,53,27,77,52,75,76,1,26,78
00050,00052,00059,00102,00113,00118,00135,00182,00182,00198,00214,00219,00236,00248,00254,00255,00261,00271,00274,00280,00281,00288,00306,00311,00315,00321,00326,00364,00368,00394,00395,00397,00414,00431,00432,00436,00440,00442,00445,00446,00453,00454,00469,00494,00516,00530,00533,00562,00568,00579,00579,00592,00592,00607,00633,00635,00635,00659,00659,00661,00662,00678,00707,00731,00731,00750,00762,00788,00794,00813,00817,00822,00827,00837,00856,00893,00899,00900,00926,00933,00946,00949,00967,00986,00991,01006,01015,01032,01079,01087,01106,01116,01118,01131,01141,01143,01153,01154,01190
19
28,32,29,30,3,2,27,7,5,56,50,26,31,0,6,51,53,4,1,52,33,11,35,57,55,54,10,34,81,8,9,60,76,36,78,58,86,82,77,80,75,59,61,79,39,38,40,83,37,84,15,85,14,89,12,65,62,13,64,19,43,41,42,63,87,17,18,88,90,44,91,67,16,69,93,68,66,94,49,92,24,46,72,23,22,48,98,99,20,73,47,71,74,97,45,21,95,70,96
00053,00054,00072,00097,00137,00144,00149,00154,00156,00173,00182,00186,00192,00198,00212,00228,00232,00236,00249,00286,00292,00310,00310,00340,00347,00353,00361,00364,00387,00391,00399,00402,00405,00406,00408,00413,00420,00433,00435,00444,00447,00455,00470,00495,00517,00529,00529,00551,00563,00563,00595,00615,00635,00643,00661,00662,00673,00701,00705,00719,00721,00727,00731,00732,00732,00748,00761,00770,00774,00779,00819,00846,00850,00852,00885,00893,00898,00898,00961,00963,00967,00977,00982,00985,01017,01029,01040,01045,01046,01075,01086,01105,01114,01119,01132,01141,01157,01160,01170
19
27,50,28,1,0,25,53,2,32,3,29,52,30,51,56,7,5,31,78,6,76,4,77,75,81,54,33,55,82,57,11,35,10,34,80,86,60,58,8,79,9,36,59,61,84,39,83,40,38,37,85,15,89,14,65,12,62,64,13,87,63,19,43,41,42,90,88,17,18,44,91,67,69,16,93,94,68,66,92,49,24,46,72,23,22,98,48,99,20,73,47,71,97,74,45,21,95,70,96
00037,00175,00176,00181,00185,00186,00209,00211,00212,00219,00255,00258,00266,00281,00293,00329,00342,00357,00376,00396,00399,00416,00448,00451,00471,00472,00478,00478,00483,00484,00496,00496,00542,00544,00545,00545,00552,00568,00577,00583,00586,00587,00616,00639,00687,00703,00708,00712,00715,00749,00751,00780,00790,00819,00842,00847,00849,00882,00887,00889,00903,00904,00906,00909,00917,00929,00934,00935,00947,00966,00978,01028,01031,01037,01055,01060,01071,01080,01126,01147,01154,01161,01164,01172,01204,01213,01215,01217,01232,01258,01273,01287,01293,01297,01317,01327,01333,01340,01342
13
26,28,25,50,0,32,1,2,3,53,29,30,52,51,56,7,5,31,6,4,78,76,33,77,54,75,55,81,57,11,35,82,10,34,86,60,80,58,8,9,36,79,59,61,84,39,40,83,38,37,85,15,89,14,65,12,62,64,13,87,19,43,63,41,42,17,90,88,18,44,91,67,69,16,93,94,68,66,92,49,24,46,72,23,22,48,98,99,20,73,47,71,97,74,45,21,95,70,96
00037,00142,00149,00164,00169,00177,00178,00182,00189,00204,00218,00230,00257,00264,00264,00292,00304,00323,00358,00378,00379,00397,00441,00442,00447,00447,00451,00452,00454,00458,00459,00471,00504,00508,00519,00522,00523,00537,00539,00548,00551,00564,00584,00605,00662,00666,00675,00677,00678,00711,00724,00742,00761,00781,00806,00809,00814,00847,00849,00858,00866,00869,00870,00873,00880,00897,00898,00901,00909,00928,00947,00992,00996,00999,01022,01028,01036,01044,01094,01110,01116,01124,01128,01134,01166,01178,01179,01183,01194,01221,01235,01251,01259,01261,01280,01289,01299,01304,01308
15
32,25,29,30,50,56,27,26,51,53,31,5,3,2,7,52,0,6,4,1,33,57,55,54,35,11,81,76,78,34,60,77,82,86,75,10,58,80,36,8,9,59,79,61,39,84,40,83,38,37,85,15,89,14,65,62,12,64,87,13,63,43,41,42,19,90,88,17,18,44,91,67,69,16,93,94,68,66,92,49,24,46,72,23,22,98,99,48,20,73,47,71,97,74,45,95,21,70,96
00037,00053,00089,00089,00131,00135,00142,00176,00177,00180,00181,00186,00187,00192,00197,00234,00235,00244,00272,00278,00308,00317,00318,00320,00326,00339,00344,00352,00355,00368,00383,00383,00384,00390,00395,00396,00396,00406,00411,00416,00419,00442,00454,00462,00533,00533,00536,00536,00546,00576,00590,00623,00623,00663,00665,00672,00684,00705,00718,00726,00727,00731,00732,00744,00747,00758,00760,00767,00783,00795,00806,00851,00854,00870,00879,00887,00894,00904,00952,00976,00986,00986,00988,01006,01035,01037,01041,01043,01068,01082,01101,01110,01116,01121,01142,01156,01162,01163,01166
19
30,32,25,28,5,7,31,56,6,3,4,2,50,27,33,51,35,11,26,53,0,57,34,55,54,52,10,1,8,9,36,60,58,81,86,59,61,80,76,82,78,77,75,39,79,40,38,83,37,84,15,85,14,89,65,12,62,64,13,43,41,19,42,63,87,17,18,88,90,44,91,67,69,16,93,68,66,94,49,92,24,46,72,23,22,48,98,99,20,73,47,71,74,97,45,21,95,70,96
00042,00055,00072,00089,00097,00119,00127,00141,00155,00180,00186,00191,00212,00218,00222,00222,00241,00249,00255,00257,00259,00280,00292,00292,00303,00306,00307,00315,00327,00331,00334,00337,00347,00352,00366,00387,00399,00399,00406,00410,00420,00427,00443,00448,00454,00457,00460,00484,00493,00506,00534,00554,00573,00577,00590,00595,00601,00633,00637,00650,00655,00658,00661,00661,00664,00680,00695,00700,00706,00710,00750,00774,00780,00783,00814,00821,00827,00828,00892,00893,00900,00906,00910,00919,00949,00959,00969,00974,00981,01003,01017,01034,01043,01047,01061,01075,01085,01088,01098
21
29,32,28,31,25,56,5,7,6,51,50,4,3,33,2,27,53,35,57,55,11,54,26,52,34,0,60,81,58,36,86,10,9,8,1,80,59,82,76,61,78,77,75,79,39,40,83,38,84,37,85,15,89,65,14,62,12,64,87,63,43,13,41,42,19,88,90,17,18,44,91,67,69,16,93,94,68,66,92,49,46,24,72,23,22,98,99,48,20,73,47,71,97,74,45,95,70,21,96
00042,00053,00089,00096,00097,00098,00121,00155,00177,00185,00191,00211,00220,00222,00230,00230,00232,00240,00244,00253,00262,00262,00266,00277,00278,00293,00305,00309,00316,00321,00326,00327,00334,00335,00346,00357,00359,00367,00369,00376,00386,00388,00404,00411,00445,00447,00455,00459,00468,00488,00519,00543,00545,00576,00583,00583,00599,00616,00636,00640,00642,00643,00643,00655,00666,00675,00677,00680,00698,00707,00723,00762,00765,00783,00792,00803,00805,00814,00868,00888,00897,00899,00899,00921,00948,00949,00953,00955,00984,00992,01013,01021,01028,01032,01052,01068,01074,01076,01078
23
30,56,29,5,32,57,33,55,6,28,35,54,25,34,7,51,60,4,58,11,36,86,50,81,59,9,53,61,80,8,10,3,52,2,27,82,79,26,83,40,76,39,77,84,0,38,75,78,37,85,1,89,65,62,15,64,14,12,87,63,41,43,42,88,90,13,17,19,91,44,18,67,69,93,94,16,68,66,92,49,72,46,24,23,98,99,22,48,73,20,71,97,47,74,45,95,70,96,21
00096,00102,00127,00143,00147,00154,00166,00170,00178,00181,00182,00188,00192,00194,00198,00200,00210,00216,00220,00232,00238,00243,00251,00257,00263,00276,00280,00281,00287,00288,00305,00306,00313,00318,00323,00332,00346,00357,00358,00365,00371,00375,00375,00381,00386,00390,00394,00401,00413,00426,00441,00450,00488,00491,00492,00526,00532,00537,00539,00546,00557,00562,00576,00579,00581,00583,00610,00612,00627,00631,00633,00674,00675,00698,00707,00714,00715,00727,00772,00812,00812,00813,00827,00852,00855,00859,00875,00877,00906,00917,00933,00935,00936,00946,00968,00976,00984,00984,01007
25
28,30,25,29,56,31,5,50,7,27,51,3,2,53,6,26,4,0,52,33,35,57,55,54,1,11,34,81,60,10,76,58,86,78,36,8,82,9,77,80,75,59,61,79,39,40,83,38,84,37,85,15,89,14,65,62,12,64,87,13,63,43,41,42,19,88,90,17,18,44,91,67,69,16,93,94,68,66,92,49,24,46,72,23,22,98,48,99,20,73,47,71,97,74,45,95,21,70,96
00037,00053,00054,00055,00119,00147,00152,00157,00170,00177,00181,00190,00197,00203,00210,00212,00241,00252,00255,00271,00289,00290,00294,00299,00300,00303,00331,00333,00353,00362,00363,00366,00367,00372,00374,00379,00381,00382,00389,00389,00403,00410,00429,00441,00496,00500,00505,00509,00510,00539,00564,00587,00594,00627,00629,00636,00647,00670,00687,00689,00693,00694,00696,00707,00711,00727,00728,00729,00746,00757,00774,00815,00818,00832,00845,00855,00858,00867,00920,00939,00949,00949,00952,00969,00998,01002,01006,01006,01032,01045,01064,01074,01081,01085,01105,01121,01125,01127,01131
20
35,11,34,9,6,8,36,4,5,10,31,7,29,30,39,61,57,58,38,40,60,59,55,56,37,32,25,54,28,86,15,83,3,2,51,14,12,65,81,80,62,50,13,64,43,84,42,41,27,89,53,0,85,19,79,17,63,82,18,26,52,44,87,1,88,77,76,90,75,67,16,78,69,91,66,68,93,94,49,24,46,72,23,92,22,48,20,98,99,73,47,71,74,45,97,21,70,95,96
00018,00084,00101,00112,00116,00122,00130,00134,00146,00157,00166,00191,00222,00222,00225,00231,00233,00235,00238,00240,00243,00248,00268,00268,00270,00271,00292,00300,00308,00323,00327,00338,00349,00364,00366,00367,00378,00380,00390,00392,00400,00408,00422,00427,00429,00429,00439,00440,00441,00441,00442,00445,00445,00448,00453,00458,00468,00475,00476,00478,00478,00487,00500,00509,00521,00531,00533,00544,00552,00559,00562,00566,00569,00580,00611,00611,00619,00649,00669,00678,00686,00693,00699,00709,00727,00737,00762,00767,00773,00785,00794,00817,00824,00841,00842,00854,00874,00878,00895
26
36,35,33,9,61,58,59,8,60,40,11,57,39,31,38,6,37,55,10,4,5,83,54,86,30,7,56,29,65,62,15,32,80,64,89,84,85,81,12,25,41,43,28,14,63,51,42,79,87,13,17,88,44,19,3,82,90,50,18,2,53,91,67,69,52,27,77,16,76,93,68,0,66,75,26,94,78,1,92,49,46,72,24,23,98,22,48,99,73,20,47,71,74,97,45,95,70,96,21
00043,00093,00101,00128,00130,00151,00151,00164,00165,00170,00172,00183,00189,00194,00205,00216,00220,00221,00234,00236,00236,00238,00257,00257,00278,00287,00291,00292,00298,00310,00331,00331,00334,00341,00341,00342,00349,00353,00357,00364,00364,00367,00368,00369,00374,00380,00381,00393,00399,00404,00421,00422,00438,00440,00441,00442,00443,00445,00448,00455,00471,00480,00483,00488,00497,00508,00512,00524,00525,00526,00528,00535,00535,00535,00544,00551,00566,00597,00612,00618,00619,00620,00635,00662,00678,00682,00682,00684,00714,00728,00742,00742,00753,00756,00774,00793,00796,00807,00816
24
33,11,34,9,8,36,6,4,10,5,31,39,7,38,61,40,58,30,57,29,59,60,37,55,56,32,54,15,25,28,86,83,14,12,65,3,2,51,62,80,81,13,43,64,42,41,50,84,19,89,17,85,63,18,27,79,53,0,44,82,87,52,26,88,1,90,67,16,77,76,69,75,91,78,66,68,93,94,49,24,46,72,23,92,22,48,20,98,99,73,47,71,74,45,97,21,70,95,96
00018,00081,00093,00094,00107,00118,00129,00144,00151,00163,00182,00206,00206,00219,00223,00224,00235,00240,00240,00241,00243,00244,00252,00276,00285,00289,00309,00310,00310,00326,00327,00331,00350,00359,00364,00365,00380,00383,00385,00398,00400,00403,00411,00412,00421,00423,00426,00429,00430,00435,00440,00441,00455,00458,00459,00459,00460,00461,00469,00486,00490,00495,00496,00509,00526,00534,00542,00543,00545,00548,00553,00566,00569,00581,00593,00595,00605,00636,00651,00659,00668,00675,00680,00696,00709,00718,00743,00752,00758,00767,00776,00800,00807,00823,00827,00836,00857,00861,00880
23
34,61,35,9,40,33,59,39,8,58,38,37,60,11,57,83,31,10,6,55,65,4,62,5,86,54,64,15,12,30,41,7,43,89,29,56,14,42,63,85,84,80,13,87,32,17,81,88,44,19,25,18,28,79,90,51,67,69,91,82,3,16,68,50,93,2,66,53,94,52,77,27,76,75,0,46,49,72,92,26,24,78,23,1,22,48,98,99,73,20,47,71,74,97,45,95,70,96,21
00043,00114,00118,00118,00126,00130,00150,00152,00158,00164,00168,00179,00183,00188,00213,00224,00238,00240,00246,00252,00256,00262,00271,00273,00278,00287,00300,00301,00320,00321,00321,00321,00323,00326,00334,00334,00338,00338,00338,00343,00347,00358,00367,00373,00374,00379,00383,00391,00395,00405,00406,00409,00411,00414,00417,00422,00440,00446,00451,00473,00477,00482,00487,00489,00490,00492,00493,00514,00518,00538,00547,00551,00563,00570,00572,00575,00575,00577,00578,00587,00592,00605,00620,00635,00639,00639,00639,00645,00671,00687,00698,00700,00710,00716,00731,00753,00754,00768,00774
24
38,39,40,65,12,43,42,9,15,36,41,62,14,17,8,13,64,44,34,61,18,19,35,33,63,11,59,10,83,67,16,58,69,60,66,88,68,4,87,6,89,57,49,93,90,31,24,5,46,91,55,85,72,86,23,7,54,84,22,94,48,30,29,20,92,56,80,73,47,98,32,99,81,71,74,25,79,45,28,21,97,51,3,70,2,95,82,96,50,53,0,27,52,77,76,75,26,1,78
00050,00052,00069,00152,00153,00159,00168,00172,00177,00179,00187,00199,00200,00200,00200,00201,00207,00219,00220,00223,00232,00246,00252,00270,00277,00278,00278,00283,00299,00300,00303,00316,00320,00339,00349,00352,00363,00369,00369,00370,00378,00385,00400,00405,00407,00413,00414,00414,00416,00420,00422,00425,00428,00433,00441,00449,00457,00459,00462,00462,00467,00488,00493,00507,00509,00512,00513,00518,00525,00530,00539,00539,00552,00553,00557,00563,00564,00571,00576,00595,00598,00601,00609,00613,00624,00627,00641,00654,00664,00691,00706,00711,00717,00720,00739,00743,00749,00772,00783
24
39,37,40,9,15,12,8,36,14,13,43,65,34,42,35,17,10,11,41,61,19,33,18,62,44,64,59,58,16,63,83,4,6,60,67,69,5,57,31,66,88,7,89,68,87,55,49,86,24,90,85,54,93,46,30,29,23,91,72,84,22,56,48,32,94,80,20,25,28,81,47,92,73,3,79,98,2,51,99,71,74,45,21,50,82,97,70,0,53,95,27,52,96,26,77,76,1,75,78
00016,00050,00094,00131,00146,00152,00154,00168,00177,00199,00202,00202,00205,00208,00219,00221,00234,00234,00236,00237,00238,00238,00244,00247,00250,00257,00290,00321,00324,00325,00325,00326,00330,00343,00348,00370,00377,00381,00390,00396,00399,00408,00411,00412,00412,00419,00432,00439,00440,00452,00453,00455,00455,00458,00459,00460,00462,00467,00472,00479,00489,00491,00500,00509,00511,00519,00527,00529,00546,00551,00557,00560,00561,00567,00573,00580,00582,00584,00589,00598,00599,00610,00618,00640,00640,00647,00658,00664,00670,00675,00678,00700,00703,00715,00715,00730,00731,00738,00772
26
38,37,40,15,12,14,65,43,13,42,17,41,62,19,64,18,44,63,16,67,69,88,89,66,87,68,49,90,24,93,91,46,23,72,22,94,48,20,92,47,73,98,99,71,74,45,21,97,70,95,96,9,8,36,34,35,61,33,11,10,59,58,83,4,6,60,5,57,31,7,55,86,54,85,30,29,84,56,32,80,25,28,81,79,3,51,2,82,50,53,0,27,52,77,26,76,1,75,78
00016,00052,00083,00161,00168,00193,00201,00210,00215,00217,00235,00239,00243,00254,00255,00259,00262,00321,00339,00353,00373,00394,00400,00402,00404,00415,00444,00444,00453,00455,00461,00466,00477,00479,00502,00508,00512,00541,00558,00569,00569,00582,00591,00605,00608,00620,00632,00651,00665,00680,00706,01463,01489,01494,01531,01548,01564,01567,01568,01573,01616,01647,01654,01660,01662,01668,01707,01707,01717,01740,01745,01764,01780,01781,01787,01790,01807,01818,01838,01845,01859,01875,01876,01899,01900,01911,01915,01966,01968,01997,01998,02008,02026,02041,02045,02056,02063,02064,02098
17
37,39,38,65,62,64,43,41,42,12,15,63,17,14,13,44,18,19,89,67,88,87,69,16,90,66,68,91,93,94,46,49,72,24,92,23,48,22,98,99,73,20,47,71,74,97,45,70,95,21,96,36,61,9,34,8,59,35,83,33,58,11,60,10,57,6,4,55,85,31,86,5,84,54,7,80,30,29,56,81,79,32,25,28,51,82,3,2,50,53,77,52,27,76,75,0,26,78,1
00069,00083,00094,00141,00173,00193,00197,00199,00212,00223,00239,00249,00262,00266,00270,00271,00299,00315,00317,00318,00318,00323,00329,00362,00364,00370,00371,00384,00392,00437,00449,00449,00453,00469,00491,00500,00512,00515,00531,00538,00546,00567,00572,00577,00586,00604,00605,00633,00638,00651,00658,01468,01496,01507,01512,01544,01551,01566,01574,01582,01590,01610,01613,01634,01663,01693,01699,01699,01702,01707,01707,01729,01732,01734,01771,01787,01789,01799,01802,01828,01837,01842,01871,01878,01888,01916,01931,01946,01957,01981,01997,02004,02017,02018,02020,02027,02054,02064,02092
16
43,65,64,42,62,67,69,63,44,66,68,37,17,40,88,93,38,39,12,18,16,72,46,13,87,91,49,90,94,19,15,14,24,89,92,48,98,73,99,22,23,71,74,47,85,97,45,70,20,95,96,84,21,61,83,36,59,9,34,8,58,60,35,33,11,10,57,86,55,54,6,4,31,80,5,79,7,81,30,56,29,32,82,51,25,28,3,2,50,77,53,75,76,52,27,78,0,26,1
00073,00073,00074,00095,00105,00119,00133,00147,00154,00171,00176,00187,00193,00199,00224,00230,00236,00239,00241,00246,00253,00255,00258,00266,00272,00287,00288,00297,00302,00316,00317,00320,00326,00337,00339,00340,00343,00349,00353,00363,00370,00378,00389,00401,00405,00411,00412,00434,00437,00441,00467,00468,00505,01639,01649,01663,01687,01697,01706,01728,01738,01762,01765,01782,01803,01812,01825,01840,01856,01887,01891,01894,01899,01913,01928,01951,01969,01972,01985,01989,01997,02038,02056,02066,02069,02074,02129,02144,02145,02145,02164,02168,02175,02181,02215,02225,02226,02251,02291
25
43,44,41,17,65,18,67,12,64,16,37,13,62,69,66,38,40,39,19,68,49,14,63,15,46,24,72,23,48,22,93,88,73,47,20,87,91,74,94,71,90,98,45,99,92,89,10,21,70,97,95,85,96,36,9,61,8,83,34,59,35,33,11,58,60,57,4,6,84,86,55,31,5,54,7,80,30,29,56,79,81,32,25,28,51,82,3,2,50,53,77,0,52,75,27,76,26,78,1
00023,00067,00095,00098,00143,00150,00156,00158,00167,00168,00168,00176,00191,00193,00197,00208,00212,00217,00224,00230,00237,00240,00242,00246,00249,00261,00266,00298,00300,00305,00312,00320,00353,00360,00366,00366,00382,00391,00391,00392,00392,00400,00402,00411,00421,00424,00437,00443,00454,00458,00479,00488,00514,01680,01681,01687,01703,01721,01723,01740,01763,01781,01785,01788,01811,01869,01876,01880,01886,01898,01903,01918,01924,01936,01958,01975,01997,02003,02015,02018,02026,02049,02073,02086,02100,02113,02117,02133,02169,02194,02199,02215,02216,02221,02222,02224,02259,02271,02281
27
42,41,44,65,17,64,67,37,62,12,18,69,16,13,66,40,38,39,63,68,19,14,49,15,46,72,24,93,88,48,23,22,87,73,91,90,94,47,20,98,71,74,89,99,92,45,10,97,70,21,85,95,96,36,61,9,83,8,34,59,35,58,33,11,60,57,84,4,6,86,55,31,5,54,7,80,30,29,79,56,81,32,25,28,51,82,3,2,50,53,77,52,75,76,0,27,26,78,1
00023,00073,00090,00119,00120,00144,00150,00159,00167,00171,00172,00182,00191,00193,00195,00197,00202,00210,00220,00222,00243,00253,00254,00255,00257,00269,00281,00297,00298,00316,00319,00324,00343,00358,00361,00370,00374,00376,00387,00393,00395,00397,00400,00403,00406,00411,00434,00453,00456,00464,00464,00477,00510,01665,01667,01674,01698,01699,01709,01719,01753,01768,01771,01778,01791,01850,01863,01870,01872,01877,01884,01904,01915,01917,01950,01954,01984,01992,01995,01999,02006,02036,02063,02073,02083,02092,02110,02126,02154,02178,02178,02199,02201,02205,02208,02211,02248,02253,02274
26
17,42,43,16,18,13,41,12,67,49,19,24,66,65,69,37,46,64,23,14,22,68,15,38,48,72,62,39,40,20,63,47,73,93,74,45,71,88,21,8,98,99,87,94,91,70,90,92,97,10,95,89,96,85,4,3,2,0,1,9,36,61,34,83,59,35,11,33,58,60,6,57,84,86,55,5,31,7,54,80,30,29,56,79,81,32,25,28,51,82,50,53,77,27,52,75,76,26,78
00061,00067,00090,00101,00106,00154,00154,00156,00174,00181,00194,00198,00200,00209,00218,00219,00222,00228,00231,00234,00244,00249,00250,00250,00250,00251,00256,00262,00271,00300,00300,00307,00328,00348,00364,00367,00372,00375,00380,00399,00412,00424,00426,00433,00434,00437,00449,00455,00460,00466,00474,00489,00516,00554,00572,00814,00830,00912,00978,01723,01737,01752,01780,01789,01806,01811,01823,01829,01852,01876,01921,01932,01953,01964,01967,01969,01973,01998,02000,02041,02049,02052,02072,02084,02092,02099,02121,02137,02159,02179,02225,02251,02263,02270,02275,02286,02288,02308,02334
29
74,73,71,47,70,48,46,72,49,22,95,24,66,97,21,23,98,68,96,20,99,67,69,16,44,93,42,43,41,17,92,18,64,94,63,65,62,13,88,12,19,91,37,90,87,14,40,15,38,39,89,85,10,84,79,83,61,36,9,59,8,34,58,35,60,33,11,57,86,55,4,6,54,80,31,5,7,81,30,56,29,32,82,25,51,28,3,2,77,50,75,53,76,52,0,27,78,26,1
00054,00079,00101,00135,00139,00146,00155,00164,00210,00213,00224,00248,00249,00255,00264,00282,00285,00288,00288,00293,00297,00299,00315,00341,00367,00385,00402,00411,00412,00417,00428,00434,00458,00461,00478,00484,00496,00500,00507,00518,00521,00525,00571,00572,00577,00586,00605,00610,00610,00620,00685,00759,00833,00835,00991,02037,02049,02073,02084,02093,02105,02116,02146,02165,02169,02183,02187,02235,02239,02264,02278,02283,02293,02306,02310,02327,02361,02372,02394,02401,02403,02447,02451,02474,02478,02484,02520,02535,02543,02558,02565,02577,02578,02592,02617,02622,02630,02659,02683
15
72,66,73,48,49,74,67,71,45,68,47,69,22,24,70,44,16,23,42,98,43,41,99,95,97,17,20,93,21,18,64,96,65,63,62,92,13,94,12,88,19,91,37,40,87,14,90,38,39,15,89,85,10,84,83,61,36,9,59,8,34,58,35,60,33,11,57,86,55,4,6,54,31,80,5,79,7,81,30,56,29,32,82,25,51,28,3,2,77,50,75,53,76,52,0,27,78,26,1
00054,00106,00106,00117,00123,00142,00150,00151,00155,00163,00168,00177,00181,00182,00217,00222,00226,00233,00249,00249,00257,00258,00263,00267,00268,00278,00279,00281,00303,00306,00309,00320,00330,00339,00347,00356,00368,00369,00378,00382,00397,00414,00416,00449,00451,00452,00454,00458,00466,00471,00551,00624,00684,00697,01892,01897,01917,01930,01942,01953,01961,01994,02010,02017,02028,02034,02083,02091,02112,02126,02129,02142,02155,02160,02172,02191,02207,02224,02239,02246,02248,02291,02305,02319,02324,02328,02367,02382,02396,02403,02419,02423,02429,02439,02465,02466,02481,02503,02530
25
48,22,49,24,45,21,23,20,46,73,74,72,71,16,66,70,44,67,68,17,69,18,95,42,43,97,98,41,99,13,96,19,12,93,64,65,14,62,63,92,37,15,94,88,38,39,40,91,87,90,8,89,10,11,85,84,4,7,3,2,0,1,9,61,36,83,34,59,35,33,58,60,57,6,86,55,5,31,54,80,79,30,29,81,56,32,25,28,82,51,50,77,53,75,52,76,27,26,78
00060,00088,00125,00135,00135,00141,00154,00158,00168,00178,00178,00212,00222,00248,00272,00272,00307,00310,00332,00342,00343,00345,00353,00360,00376,00376,00387,00401,00401,00413,00416,00423,00440,00447,00462,00474,00498,00500,00502,00515,00525,00527,00534,00550,00557,00569,00572,00582,00618,00622,00702,00715,00763,00786,00788,00858,00876,00961,01117,01132,01214,01280,02030,02038,02040,02047,02084,02087,02118,02136,02138,02162,02224,02227,02241,02256,02276,02278,02287,02314,02349,02355,02359,02373,02375,02406,02428,02443,02457,02459,02529,02546,02554,02569,02575,02576,02577,02615,02625
16
47,49,22,24,46,23,45,73,72,20,74,21,16,71,66,44,67,70,68,69,17,18,42,43,41,95,98,97,13,99,19,12,93,64,96,65,62,63,14,37,92,15,94,88,38,39,40,91,87,90,8,89,10,85,11,84,4,7,3,2,0,1,9,61,36,83,34,59,35,58,33,60,57,6,86,55,31,5,54,80,79,30,29,81,56,32,25,28,82,51,50,77,53,75,52,76,27,26,78
00060,00071,00074,00102,00117,00140,00146,00159,00167,00169,00173,00185,00202,00209,00217,00250,00252,00268,00279,00287,00289,00298,00300,00316,00340,00341,00355,00356,00365,00369,00380,00389,00398,00402,00402,00413,00440,00444,00451,00467,00472,00479,00486,00494,00500,00512,00512,00530,00562,00568,00648,00657,00711,00729,00731,00799,00821,00906,01063,01078,01160,01226,01973,01978,01981,01987,02024,02027,02060,02077,02079,02101,02163,02171,02181,02195,02219,02219,02227,02253,02289,02297,02301,02313,02315,02348,02371,02385,02396,02399,02470,02485,02494,02508,02515,02515,02520,02557,02565
18
24,48,22,23,46,47,16,20,72,44,66,73,45,21,17,67,18,74,42,43,71,69,68,41,13,19,12,70,64,65,98,14,95,93,99,97,62,37,15,63,38,96,39,40,88,92,94,91,87,90,8,89,10,11,85,4,84,7,3,2,0,1,9,36,61,83,34,59,35,33,58,60,6,57,86,55,5,31,54,80,30,29,79,56,81,32,25,28,51,82,50,53,77,27,52,75,76,26,78
00059,00071,00075,00111,00123,00125,00132,00165,00176,00181,00197,00203,00210,00217,00218,00219,00227,00227,00237,00254,00255,00261,00264,00288,00294,00311,00317,00318,00356,00360,00372,00380,00382,00385,00387,00388,00392,00400,00407,00407,00432,00438,00444,00449,00465,00472,00476,00508,00530,00541,00578,00617,00640,00661,00688,00751,00755,00836,00993,01008,01089,01156,01904,01917,01920,01938,01960,01971,01993,02011,02021,02045,02102,02104,02127,02138,02150,02154,02170,02202,02230,02234,02240,02251,02258,02281,02303,02318,02337,02343,02406,02431,02431,02452,02453,02454,02458,02489,02507
23
53,52,51,28,56,32,27,26,25,30,29,78,76,31,77,75,81,2,3,5,82,54,0,55,7,57,1,6,80,86,4,33,79,60,35,58,34,11,59,36,61,10,9,84,8,83,85,89,15,87,14,90,91,19,40,39,38,37,62,65,64,63,12,88,41,43,42,13,17,18,44,69,94,67,93,68,16,66,92,72,46,49,24,98,99,23,22,48,73,97,20,71,47,74,95,96,45,70,21
00049,00106,00108,00131,00156,00157,00164,00175,00182,00191,00212,00230,00238,00251,00280,00287,00298,00302,00302,00308,00308,00312,00320,00325,00327,00339,00341,00366,00374,00385,00398,00408,00409,00411,00426,00429,00445,00454,00481,00489,00514,00517,00521,00523,00525,00566,00592,00638,00733,00744,00773,00781,00833,00855,01957,01968,01982,02006,02071,02074,02107,02117,02128,02137,02145,02154,02169,02172,02203,02225,02225,02258,02260,02261,02265,02296,02307,02313,02326,02399,02403,02406,02421,02426,02428,02445,02469,02470,02493,02507,02509,02517,02529,02533,02550,02553,02558,02566,02600
14
56,53,50,52,28,32,76,30,81,31,78,77,54,82,75,29,55,25,57,27,80,86,26,79,5,60,58,7,6,3,33,2,34,35,59,4,0,84,36,11,61,1,83,9,85,8,10,89,87,90,15,14,91,94,92,40,39,38,37,62,65,64,63,88,41,12,43,42,13,17,19,44,18,93,69,67,68,66,16,72,46,98,99,49,24,23,48,22,73,97,71,74,20,95,96,47,45,70,21
00099,00103,00108,00116,00177,00181,00184,00185,00190,00200,00203,00207,00208,00211,00221,00222,00225,00228,00246,00264,00266,00280,00281,00301,00304,00316,00337,00340,00356,00364,00366,00369,00380,00383,00390,00393,00404,00415,00422,00429,00429,00435,00469,00476,00486,00488,00499,00535,00644,00679,00693,00732,00732,00818,00885,01888,01911,01926,01943,01985,01994,02023,02025,02040,02066,02076,02083,02100,02122,02144,02153,02159,02170,02170,02172,02179,02209,02231,02246,02317,02324,02332,02333,02337,02357,02385,02399,02403,02411,02413,02432,02450,02451,02458,02458,02459,02478,02478,02538
21
53,50,51,78,76,77,75,56,28,82,32,27,26,81,30,25,29,54,31,55,80,57,79,86,5,3,2,0,7,60,1,58,6,33,4,35,34,59,84,11,36,61,83,85,9,8,10,89,87,90,15,91,14,94,19,92,40,39,38,37,62,65,63,64,88,41,12,43,42,13,17,44,93,69,18,67,68,66,16,72,46,98,99,49,24,23,48,22,97,73,71,74,96,95,20,47,70,45,21
00056,00106,00116,00125,00140,00191,00192,00210,00234,00243,00255,00257,00258,00263,00277,00286,00306,00310,00313,00333,00345,00357,00365,00378,00398,00407,00408,00421,00424,00427,00435,00448,00454,00478,00488,00495,00497,00501,00502,00535,00538,00543,00575,00578,00589,00599,00603,00633,00745,00779,00805,00833,00845,00919,00925,00986,02004,02026,02042,02059,02098,02108,02135,02136,02144,02181,02191,02199,02216,02237,02260,02275,02277,02285,02286,02293,02320,02345,02363,02430,02439,02439,02439,02453,02473,02501,02515,02520,02520,02524,02544,02564,02564,02566,02567,02575,02589,02592,02655
14
50,52,51,56,28,78,76,32,27,26,25,30,77,75,29,82,31,81,54,55,57,3,2,5,80,0,7,1,86,79,6,60,58,33,4,35,34,59,11,36,84,61,9,10,8,83,85,89,87,15,90,14,91,19,94,92,40,39,38,37,62,65,64,63,88,12,41,43,42,13,17,44,18,69,93,67,68,66,16,72,46,49,98,99,24,23,48,22,73,97,71,20,74,47,95,96,45,70,21
00049,00056,00103,00179,00180,00181,00193,00203,00204,00209,00232,00232,00239,00243,00257,00278,00280,00281,00311,00329,00348,00351,00352,00352,00361,00366,00374,00383,00383,00389,00408,00419,00439,00442,00442,00460,00471,00492,00493,00514,00514,00529,00555,00559,00561,00572,00587,00638,00747,00769,00783,00809,00835,00890,00921,00988,01981,01997,02012,02033,02086,02092,02123,02128,02143,02160,02164,02178,02194,02205,02232,02251,02256,02273,02273,02279,02310,02331,02336,02416,02423,02431,02435,02436,02448,02474,02494,02495,02511,02516,02533,02539,02550,02554,02561,02561,02577,02580,02628
15
55,86,57,81,80,60,58,79,56,82,31,59,51,84,61,34,30,77,83,85,75,36,76,32,33,29,35,52,53,50,28,89,5,78,25,6,9,11,7,4,8,87,27,10,90,26,3,2,91,0,1,94,92,40,39,62,38,37,65,63,64,88,41,43,15,42,12,14,93,69,67,13,17,44,68,18,19,66,16,98,72,99,46,49,24,97,73,48,23,71,22,96,95,74,70,47,45,20,21
00035,00073,00074,00096,00098,00125,00149,00159,00185,00185,00188,00200,00208,00214,00249,00257,00262,00263,00265,00280,00286,00287,00288,00299,00300,00303,00309,00310,00311,00312,00320,00327,00331,00338,00353,00358,00382,00383,00387,00394,00410,00436,00447,00458,00471,00472,00483,00493,00524,00552,00598,00610,00677,01734,01780,01796,01797,01799,01814,01827,01834,01834,01887,01917,01930,01936,01948,01967,01967,01981,01993,01996,01997,02000,02015,02032,02035,02044,02096,02128,02129,02129,02142,02170,02198,02210,02222,02227,02232,02239,02241,02253,02257,02261,02282,02287,02293,02300,02380
19
54,57,86,60,58,80,81,31,59,56,79,84,61,34,82,51,83,36,30,33,85,35,29,32,77,5,89,28,75,76,50,53,6,52,25,9,11,7,4,78,8,87,10,27,90,3,26,2,91,0,94,1,92,40,39,38,37,62,65,63,64,88,41,43,15,42,12,14,93,69,13,17,67,44,68,18,19,66,16,72,98,99,46,49,24,97,73,48,23,22,71,96,74,95,47,70,45,20,21
00035,00038,00073,00095,00118,00124,00131,00170,00170,00186,00186,00215,00217,00221,00221,00225,00243,00252,00253,00268,00273,00276,00292,00294,00298,00309,00313,00318,00321,00321,00325,00329,00332,00333,00347,00347,00352,00367,00368,00369,00376,00419,00426,00451,00456,00472,00478,00483,00507,00546,00593,00595,00659,01699,01745,01761,01764,01768,01783,01801,01805,01814,01856,01884,01894,01903,01912,01931,01945,01953,01960,01962,01964,01967,01988,01997,01999,02015,02061,02100,02106,02108,02112,02138,02164,02188,02194,02195,02198,02208,02212,02232,02233,02234,02256,02256,02264,02266,02347
21
30,51,31,32,28,29,50,25,53,54,55,57,5,52,81,7,86,6,60,27,33,82,80,58,76,35,34,77,26,4,78,3,75,2,79,59,11,36,61,0,9,8,84,10,1,83,85,89,15,14,90,19,40,39,38,37,62,65,87,64,63,12,88,41,43,42,13,91,17,44,18,69,67,93,94,68,16,66,92,72,46,49,24,98,99,23,48,22,73,97,20,71,47,74,95,96,45,70,21
00098,00099,00102,00119,00135,00141,00156,00173,00179,00185,00186,00191,00210,00210,00214,00252,00256,00259,00261,00264,00268,00269,00271,00278,00279,00285,00291,00292,00293,00296,00303,00308,00309,00317,00321,00328,00329,00334,00358,00369,00379,00389,00399,00400,00413,00417,00459,00497,00595,00635,00636,00714,01802,01818,01833,01854,01915,01918,01940,01951,01963,01982,01987,01989,01999,02015,02027,02028,02053,02072,02077,02102,02104,02112,02112,02140,02156,02157,02178,02242,02246,02251,02268,02272,02275,02295,02315,02316,02337,02353,02360,02361,02375,02376,02396,02400,02401,02410,02449
23
55,60,54,58,86,59,31,80,81,34,61,56,36,79,83,84,33,35,30,51,82,85,29,5,32,6,89,9,11,28,77,8,4,50,25,7,53,76,52,75,10,78,90,27,3,2,26,0,1,40,39,38,37,62,87,65,64,63,88,41,91,43,15,42,12,14,94,13,93,17,69,44,67,18,19,68,66,92,16,72,46,98,99,49,24,23,48,73,97,22,71,74,95,96,47,20,70,45,21
00038,00071,00074,00091,00094,00144,00154,00158,00170,00183,00186,00191,00213,00220,00226,00227,00233,00240,00244,00246,00259,00274,00280,00286,00290,00304,00306,00308,00317,00317,00335,00338,00339,00339,00340,00345,00348,00355,00357,00357,00391,00402,00445,00454,00460,00471,00484,00538,00590,01663,01707,01723,01727,01740,01748,01752,01778,01779,01797,01825,01837,01850,01855,01869,01874,01893,01921,01922,01925,01926,01927,01932,01936,01960,01961,01963,01987,01987,02026,02073,02083,02087,02089,02104,02130,02163,02163,02166,02168,02174,02186,02206,02212,02214,02224,02230,02232,02235,02312
22
60,59,57,61,86,55,83,54,34,36,84,80,85,31,89,33,35,81,79,56,9,8,30,11,82,5,6,51,29,4,32,10,7,28,77,25,50,75,76,53,52,78,3,2,27,26,0,1,40,39,62,37,38,87,65,63,64,90,88,41,91,43,42,15,12,94,93,69,14,67,17,44,13,68,18,66,19,92,16,72,46,98,99,49,24,73,48,97,23,22,71,74,95,96,47,70,45,20,21
00023,00052,00091,00100,00117,00118,00140,00149,00151,00164,00193,00197,00215,00220,00230,00235,00235,00239,00251,00278,00278,00315,00316,00317,00327,00330,00333,00337,00347,00362,00366,00384,00388,00396,00410,00413,00429,00433,00437,00439,00448,00487,00521,00534,00537,00568,00606,00661,01590,01647,01650,01658,01663,01663,01665,01688,01688,01704,01708,01738,01752,01768,01788,01805,01810,01834,01835,01836,01839,01846,01852,01852,01858,01872,01889,01897,01900,01900,01949,01982,01994,01996,01998,02021,02049,02076,02077,02077,02084,02092,02095,02116,02121,02123,02138,02141,02146,02152,02231
19
58,61,60,83,57,36,34,86,55,89,84,85,54,80,35,33,31,9,79,81,8,11,56,6,30,5,82,4,10,29,51,32,7,28,25,77,50,75,76,53,52,78,3,2,27,26,0,1,40,62,65,39,87,37,38,64,63,88,90,41,91,43,42,12,15,69,93,94,67,44,17,14,68,13,66,18,92,19,16,72,46,98,99,49,24,73,97,48,23,71,22,74,95,96,47,70,45,20,21
00052,00055,00075,00097,00144,00150,00151,00158,00170,00196,00197,00197,00200,00237,00243,00248,00263,00268,00285,00287,00308,00324,00328,00355,00359,00360,00373,00380,00385,00387,00390,00410,00417,00442,00455,00459,00481,00482,00488,00492,00501,00538,00557,00570,00584,00616,00645,00702,01551,01597,01613,01616,01619,01620,01632,01635,01636,01659,01660,01687,01706,01719,01740,01774,01777,01783,01784,01786,01793,01806,01808,01810,01819,01821,01844,01848,01852,01865,01904,01930,01942,01944,01947,01971,02001,02023,02025,02027,02038,02042,02043,02063,02069,02072,02087,02088,02093,02106,02183
18
58,57,59,55,86,61,54,83,34,80,36,84,31,81,85,79,89,33,35,56,9,82,30,51,11,5,8,6,29,32,4,28,7,77,10,25,75,50,76,53,52,78,3,27,2,26,0,1,40,39,62,87,37,38,65,63,64,90,88,41,91,43,42,15,12,94,93,69,14,67,17,44,13,68,18,92,66,19,16,72,98,46,99,49,24,97,73,48,23,22,71,74,95,96,47,70,45,20,21
00023,00071,00075,00095,00096,00124,00125,00155,00165,00176,00183,00187,00210,00215,00218,00231,00240,00243,00244,00261,00293,00303,00305,00316,00326,00328,00329,00334,00337,00353,00365,00383,00386,00387,00395,00402,00410,00411,00414,00419,00427,00463,00514,00522,00527,00552,00597,00651,01613,01668,01673,01678,01681,01685,01688,01708,01710,01718,01726,01762,01767,01791,01811,01825,01832,01850,01854,01858,01860,01869,01875,01876,01880,01893,01912,01917,01920,01922,01973,02005,02015,02017,02017,02045,02073,02097,02099,02101,02108,02116,02117,02138,02142,02142,02162,02162,02169,02176,02255
20
59,58,83,36,60,34,57,86,55,35,9,33,85,84,54,8,31,80,11,81,79,6,10,56,5,4,30,29,7,82,32,51,28,25,77,50,53,75,76,52,3,2,78,27,26,0,1,40,89,62,39,37,65,38,64,63,87,41,88,90,43,42,91,12,15,69,67,44,17,14,93,13,94,68,18,66,19,92,16,72,46,98,49,99,24,48,73,23,22,97,71,74,47,95,96,45,70,20,21
00055,00100,00110,00114,00124,00130,00186,00212,00217,00223,00230,00231,00231,00244,00249,00271,00281,00292,00299,00339,00341,00345,00354,00358,00359,00366,00376,00399,00413,00426,00429,00429,00462,00470,00511,00514,00529,00534,00537,00543,00561,00575,00587,00605,00639,00652,00712,01496,01555,01557,01564,01565,01566,01579,01594,01606,01613,01639,01643,01657,01667,01687,01697,01719,01725,01744,01750,01752,01754,01757,01758,01766,01772,01781,01793,01802,01811,01835,01850,01887,01897,01916,01920,01920,01949,01978,01982,01984,01991,01996,02003,02021,02038,02038,02045,02049,02051,02052,02131
16
64,65,63,41,88,43,40,87,69,42,67,37,90,93,91,68,89,39,38,66,44,94,17,85,12,92,72,18,13,46,16,84,15,98,99,14,49,19,73,24,48,97,71,74,22,23,95,70,45,96,47,20,21,83,61,59,36,58,34,60,9,8,35,57,33,86,55,11,54,10,80,31,79,6,4,81,5,56,30,7,29,82,32,51,28,25,77,50,75,76,53,3,52,2,78,27,0,26,1
00038,00054,00077,00105,00153,00167,00173,00181,00186,00191,00197,00199,00215,00220,00221,00224,00233,00243,00247,00247,00256,00265,00286,00300,00308,00317,00332,00337,00343,00347,00357,00362,00366,00368,00374,00379,00392,00394,00426,00432,00440,00445,00446,00465,00467,00476,00484,00494,00496,00497,00500,00543,00609,01547,01557,01597,01613,01650,01652,01673,01680,01718,01727,01740,01742,01744,01768,01781,01796,01807,01814,01833,01848,01857,01867,01877,01886,01915,01925,01933,01943,01958,01978,01985,02014,02015,02049,02071,02071,02082,02086,02090,02098,02105,02134,02156,02186,02191,02249
22
62,64,88,87,65,91,41,90,93,69,94,68,67,89,43,66,42,92,40,37,85,44,98,72,99,39,38,46,17,84,12,97,18,16,73,49,13,71,95,96,15,74,48,14,24,70,19,45,22,23,47,79,20,21,83,61,59,36,58,60,34,9,86,57,8,35,55,33,54,80,11,10,31,81,6,4,5,56,82,30,7,29,51,32,77,28,25,75,76,50,53,52,3,78,2,27,26,0,1
00077,00078,00079,00126,00127,00146,00147,00150,00152,00163,00187,00191,00192,00212,00220,00233,00242,00242,00249,00277,00285,00300,00310,00313,00313,00321,00325,00339,00340,00358,00376,00390,00392,00396,00402,00407,00408,00414,00433,00438,00440,00440,00444,00451,00454,00455,00458,00478,00483,00502,00502,00513,00567,00623,01563,01606,01636,01680,01688,01708,01716,01755,01766,01779,01794,01797,01801,01810,01827,01829,01855,01884,01888,01899,01926,01939,01952,01963,01974,01982,02001,02003,02025,02035,02067,02069,02074,02090,02105,02117,02128,02135,02157,02159,02171,02212,02245,02251,02313
19
62,65,41,63,43,69,67,88,42,68,40,87,93,37,66,91,90,44,39,94,38,17,89,72,12,92,46,18,16,13,85,98,99,49,15,14,19,73,24,84,48,71,97,74,22,23,95,45,70,47,96,20,21,83,61,59,36,34,58,9,60,8,35,33,57,86,11,55,10,54,80,31,6,79,4,5,81,56,30,7,29,82,32,51,25,28,77,50,75,3,76,53,2,52,78,27,0,26,1
00038,00054,00074,00078,00144,00150,00158,00158,00167,00189,00193,00199,00200,00207,00209,00224,00227,00228,00255,00255,00257,00264,00264,00294,00298,00302,00309,00316,00328,00329,00333,00339,00346,00356,00363,00373,00380,00388,00397,00398,00402,00409,00415,00428,00432,00443,00452,00458,00459,00462,00468,00509,00573,01584,01594,01635,01642,01683,01688,01700,01710,01736,01754,01769,01778,01782,01804,01805,01825,01834,01852,01868,01883,01886,01891,01915,01915,01951,01958,01960,01975,01996,02012,02023,02047,02047,02087,02107,02110,02119,02120,02123,02134,02136,02172,02189,02214,02224,02278
23
62,64,41,43,63,40,42,37,67,69,39,38,88,44,68,17,87,66,12,93,90,91,89,18,13,94,16,15,72,14,46,19,85,92,49,98,24,99,48,73,22,23,71,74,97,47,45,95,70,20,96,21,61,83,36,59,34,9,58,8,60,35,33,84,11,57,86,10,55,54,31,6,4,80,5,79,81,7,30,56,29,32,82,51,25,28,3,77,50,2,53,75,76,52,27,78,0,26,1
00054,00054,00073,00119,00127,00141,00143,00152,00186,00190,00201,00202,00205,00209,00231,00234,00236,00239,00253,00254,00269,00273,00281,00284,00289,00309,00311,00313,00324,00325,00330,00340,00345,00357,00360,00389,00394,00397,00413,00419,00433,00436,00445,00458,00463,00474,00484,00497,00498,00504,00517,00575,01566,01581,01598,01613,01640,01648,01665,01683,01688,01706,01722,01744,01752,01752,01768,01771,01783,01814,01830,01834,01841,01842,01868,01881,01899,01912,01918,01918,01932,01971,01983,01994,02004,02007,02071,02072,02074,02086,02092,02095,02102,02108,02148,02152,02167,02184,02231
22
67,68,69,72,46,41,73,93,43,42,49,44,71,64,98,48,74,99,63,65,62,45,16,24,17,97,70,22,47,88,94,92,95,18,23,91,96,87,12,37,90,13,20,40,19,38,21,39,14,15,89,85,84,10,79,83,61,36,59,9,34,8,58,60,35,33,11,57,86,55,54,80,6,4,31,5,81,7,30,56,29,82,32,51,25,28,77,3,50,2,75,76,53,52,78,27,0,26,1
00052,00066,00070,00085,00106,00171,00180,00187,00195,00197,00197,00200,00206,00209,00212,00217,00219,00225,00233,00239,00247,00249,00250,00254,00261,00262,00263,00269,00272,00277,00278,00279,00282,00303,00306,00313,00318,00346,00349,00349,00350,00354,00363,00370,00393,00396,00402,00402,00430,00441,00445,00518,00592,00629,00745,01789,01802,01835,01844,01864,01877,01891,01897,01920,01935,01953,01969,01987,01990,02015,02044,02057,02060,02061,02069,02099,02123,02138,02156,02157,02169,02202,02209,02231,02240,02246,02294,02298,02313,02314,02317,02329,02331,02345,02381,02386,02396,02422,02461
29
69,66,68,41,72,43,46,42,64,44,93,65,63,62,49,73,17,16,98,88,48,99,71,94,24,74,18,92,91,22,45,37,97,47,87,12,70,40,90,23,13,95,38,39,96,19,20,14,15,89,21,85,84,10,83,61,36,59,9,34,8,58,60,35,33,11,57,86,55,54,6,80,4,31,79,5,81,7,30,56,29,82,32,51,25,28,77,3,50,2,75,53,76,52,78,27,0,26,1
00047,00052,00075,00119,00137,00150,00150,00156,00158,00174,00180,00186,00192,00197,00219,00232,00233,00243,00244,00245,00252,00255,00259,00270,00271,00272,00280,00283,00290,00295,00299,00300,00302,00310,00311,00314,00315,00318,00321,00322,00324,00327,00348,00353,00359,00367,00384,00396,00403,00404,00433,00477,00548,00582,01741,01750,01782,01793,01814,01825,01843,01846,01869,01884,01901,01920,01936,01941,01964,01993,02009,02010,02011,02016,02041,02047,02074,02087,02104,02104,02116,02154,02157,02179,02188,02193,02245,02247,02261,02263,02268,02279,02279,02293,02331,02334,02345,02370,02410
26
69,66,67,93,72,46,98,41,99,64,63,73,94,92,88,43,62,71,42,65,97,44,74,91,49,95,70,48,45,87,90,96,17,16,24,47,22,18,37,40,23,12,89,13,38,39,20,19,21,85,14,15,84,79,83,61,59,36,34,58,9,60,8,35,33,86,57,11,10,55,54,80,31,6,4,81,5,56,7,30,29,82,32,51,25,28,77,75,50,76,3,53,2,52,78,27,0,26,1
00042,00066,00075,00121,00126,00163,00170,00176,00181,00189,00191,00211,00211,00214,00221,00222,00224,00224,00230,00231,00235,00249,00249,00250,00264,00266,00270,00279,00288,00291,00291,00291,00309,00311,00321,00332,00335,00355,00363,00371,00373,00389,00397,00400,00412,00415,00430,00443,00465,00470,00471,00476,00547,00704,01753,01781,01819,01829,01870,01872,01873,01893,01904,01937,01953,01957,01963,01979,01988,01988,02015,02020,02057,02064,02069,02089,02099,02140,02142,02147,02163,02165,02200,02209,02235,02236,02259,02281,02296,02296,02302,02310,02317,02320,02350,02378,02398,02413,02463
27
68,67,66,41,93,64,72,63,46,43,62,65,42,88,98,44,99,94,92,73,91,71,49,87,17,97,74,90,48,16,70,95,24,45,37,18,40,96,22,47,12,13,23,38,39,89,19,20,14,15,85,21,84,79,83,61,59,36,34,9,58,60,8,35,33,86,57,11,10,55,54,80,31,6,4,5,81,7,56,30,29,82,32,51,25,28,77,75,50,3,76,53,2,52,78,27,0,26,1
00042,00047,00070,00133,00133,00150,00150,00163,00177,00182,00186,00190,00193,00207,00211,00218,00221,00222,00237,00241,00247,00259,00261,00275,00276,00278,00280,00281,00287,00290,00309,00309,00315,00315,00320,00324,00329,00333,00335,00343,00351,00365,00367,00370,00373,00374,00410,00427,00433,00437,00448,00470,00522,00676,01722,01744,01783,01788,01830,01830,01836,01858,01862,01895,01911,01925,01927,01936,01946,01953,01981,01990,02017,02022,02026,02057,02058,02100,02102,02107,02122,02136,02160,02172,02194,02196,02228,02250,02258,02260,02264,02273,02275,02285,02317,02338,02356,02373,02421
23
71,95,74,73,97,45,96,98,72,99,46,66,48,68,47,69,67,49,93,92,22,24,94,21,23,20,41,44,16,42,63,43,64,88,91,62,17,65,90,18,87,13,12,37,19,40,89,38,39,14,15,85,84,10,80,79,82,77,75,83,61,59,36,9,34,58,8,60,35,33,86,57,11,55,54,6,4,31,81,5,7,56,30,29,32,51,25,28,76,3,50,2,53,52,78,27,0,26,1
00065,00087,00095,00115,00129,00139,00151,00185,00187,00194,00217,00263,00268,00270,00272,00309,00315,00318,00327,00337,00342,00368,00384,00403,00409,00429,00434,00437,00440,00454,00455,00456,00459,00462,00462,00494,00495,00498,00514,00523,00530,00585,00593,00613,00614,00633,00645,00658,00665,00669,00687,00717,00797,00890,00938,00957,01083,01177,01199,02017,02051,02088,02096,02127,02138,02141,02154,02162,02199,02216,02221,02232,02233,02256,02282,02324,02325,02326,02353,02362,02402,02410,02416,02430,02469,02478,02502,02505,02559,02562,02566,02577,02580,02589,02614,02646,02660,02682,02725
15
74,73,70,45,72,95,46,97,98,96,99,66,48,47,68,49,67,69,22,93,24,92,23,21,94,44,16,20,41,42,43,64,63,17,88,91,65,62,18,90,87,13,12,19,37,40,38,14,39,89,15,85,84,10,80,79,82,75,83,61,36,59,9,34,8,58,60,35,33,11,86,57,55,54,4,6,31,5,81,7,56,30,29,32,51,25,28,77,3,50,2,76,53,52,78,27,0,26,1
00047,00051,00065,00101,00125,00132,00151,00155,00184,00194,00196,00206,00209,00222,00224,00255,00259,00259,00284,00301,00306,00331,00350,00360,00370,00372,00375,00375,00378,00392,00395,00409,00414,00430,00431,00440,00445,00446,00458,00490,00501,00520,00528,00549,00553,00577,00598,00604,00605,00613,00622,00686,00765,00829,00901,00924,01046,01162,01977,02003,02042,02042,02068,02084,02094,02095,02117,02142,02159,02174,02181,02186,02212,02239,02265,02265,02275,02305,02313,02344,02361,02363,02376,02416,02432,02447,02452,02482,02504,02517,02519,02520,02533,02544,02574,02593,02602,02629,02667
18
46,66,73,71,68,74,67,69,45,48,49,70,98,99,47,97,95,22,24,93,44,41,42,43,16,96,23,64,92,17,63,94,65,20,62,18,88,21,91,13,12,90,87,37,19,40,38,39,14,15,89,85,84,10,79,83,61,36,59,9,34,8,58,60,35,33,11,57,86,55,54,4,6,80,31,5,81,7,30,56,29,82,32,51,25,28,77,3,2,50,75,76,53,52,78,27,0,26,1
00054,00085,00094,00125,00126,00134,00137,00150,00164,00167,00176,00187,00195,00210,00212,00218,00224,00234,00236,00236,00251,00255,00266,00269,00271,00272,00287,00294,00305,00311,00313,00321,00324,00332,00332,00344,00347,00351,00373,00403,00407,00416,00417,00428,00436,00453,00472,00479,00485,00501,00522,00596,00671,00703,00826,01872,01887,01919,01930,01942,01962,01968,01982,02005,02017,02035,02048,02073,02074,02100,02129,02140,02140,02141,02154,02181,02207,02218,02241,02242,02252,02286,02294,02317,02324,02330,02378,02379,02394,02399,02400,02413,02416,02430,02466,02470,02476,02506,02542
26
74,71,45,72,46,70,48,47,66,95,97,49,68,98,99,67,22,69,96,24,23,93,21,16,20,44,41,92,42,43,94,17,64,63,18,65,62,88,91,13,12,90,87,19,37,40,14,38,39,15,89,85,84,10,79,83,61,36,59,9,34,8,58,60,35,33,11,57,86,55,54,4,6,80,31,5,81,7,30,56,29,82,32,51,25,28,3,77,2,75,50,76,53,52,78,27,0,26,1
00039,00051,00079,00094,00106,00115,00159,00178,00180,00181,00199,00203,00211,00213,00227,00232,00234,00241,00242,00255,00299,00305,00318,00325,00327,00328,00349,00351,00353,00358,00382,00384,00388,00402,00410,00419,00426,00428,00445,00473,00484,00492,00499,00500,00518,00546,00558,00561,00569,00578,00608,00681,00758,00789,00915,01963,01982,02013,02023,02033,02056,02057,02076,02099,02109,02127,02137,02166,02166,02194,02222,02229,02231,02231,02248,02273,02299,02309,02334,02337,02345,02377,02387,02411,02417,02424,02469,02469,02484,02492,02493,02506,02511,02524,02559,02563,02567,02600,02632
20
73,71,45,70,72,46,48,95,47,97,66,49,98,96,99,22,68,67,24,69,21,23,20,93,16,44,92,41,42,43,94,17,64,63,18,65,88,62,91,13,12,90,19,87,37,40,14,38,39,15,89,85,84,10,79,83,61,36,59,9,34,8,58,60,35,33,11,86,57,55,54,4,80,6,31,5,81,7,30,56,29,82,32,51,25,28,3,77,2,75,50,76,53,52,78,27,0,26,1
00039,00047,00054,00095,00134,00142,00173,00175,00178,00202,00219,00227,00231,00238,00243,00246,00249,00272,00274,00280,00313,00314,00334,00338,00353,00364,00376,00389,00391,00397,00411,00418,00428,00440,00441,00458,00463,00465,00477,00506,00518,00526,00531,00534,00557,00586,00591,00599,00608,00612,00644,00717,00795,00827,00953,02002,02021,02052,02063,02071,02095,02095,02116,02138,02149,02166,02176,02205,02206,02233,02261,02268,02269,02270,02288,02312,02338,02348,02374,02376,02385,02415,02427,02450,02456,02463,02508,02508,02523,02530,02533,02544,02550,02564,02598,02603,02605,02639,02671
19
77,76,78,82,52,81,51,53,79,80,54,50,56,55,86,57,31,28,32,30,84,60,58,29,25,27,26,59,85,5,83,61,34,33,89,7,35,6,36,3,2,4,0,1,11,9,8,87,90,10,88,91,94,93,92,99,98,97,96,71,95,70,40,39,62,38,37,63,65,64,41,43,15,42,12,14,69,67,13,68,17,44,19,66,18,16,72,46,49,24,73,48,23,22,74,45,47,20,21
00022,00052,00100,00115,00192,00195,00221,00243,00247,00260,00286,00287,00309,00321,00327,00357,00394,00395,00403,00404,00407,00410,00433,00443,00447,00447,00451,00482,00489,00519,00528,00534,00535,00552,00556,00560,00566,00567,00570,00580,00583,00604,00607,00626,00626,00651,00672,00673,00698,00700,00738,00754,00841,00874,00905,01031,01032,01114,01151,01162,01163,01199,02020,02064,02071,02080,02085,02090,02095,02110,02168,02201,02207,02221,02231,02245,02250,02268,02279,02281,02283,02286,02317,02317,02318,02382,02400,02419,02454,02483,02492,02508,02518,02525,02530,02565,02569,02586,02665
10
75,77,78,52,82,51,53,81,50,79,56,80,54,55,86,28,57,32,30,31,27,26,25,29,60,84,58,5,59,85,34,7,33,3,61,2,6,83,35,0,36,4,1,89,11,9,8,10,87,90,88,91,15,94,93,92,98,99,97,96,95,40,39,38,37,62,65,63,64,41,43,12,42,14,69,13,67,17,44,68,19,18,66,16,72,46,49,24,73,48,23,71,22,74,70,47,45,20,21
00052,00057,00057,00140,00142,00184,00193,00206,00238,00278,00279,00280,00288,00321,00339,00352,00355,00363,00369,00371,00397,00399,00405,00406,00414,00433,00437,00488,00488,00515,00525,00525,00533,00535,00537,00538,00538,00542,00548,00559,00563,00575,00576,00580,00603,00637,00655,00676,00695,00723,00759,00779,00852,00866,00894,00931,01054,01054,01136,01175,01185,02018,02056,02072,02081,02082,02102,02105,02120,02175,02205,02224,02224,02233,02264,02272,02279,02281,02288,02296,02307,02313,02329,02381,02413,02429,02458,02485,02506,02515,02518,02520,02529,02544,02559,02576,02578,02586,02668
9
75,76,82,78,81,52,51,79,80,53,54,50,56,55,86,57,31,28,84,60,30,32,58,29,25,27,26,59,85,5,83,61,34,33,89,7,35,36,6,3,2,4,0,11,1,9,8,87,90,10,88,91,94,93,92,99,98,97,96,95,70,40,39,62,38,37,63,65,64,41,43,15,42,12,14,69,67,13,68,17,44,19,66,18,16,72,46,49,24,73,71,48,23,22,74,45,47,20,21
00022,00057,00094,00112,00172,00191,00207,00227,00238,00239,00263,00280,00292,00298,00304,00335,00375,00383,00386,00387,00388,00389,00410,00427,00435,00442,00448,00459,00468,00501,00505,00511,00512,00531,00535,00543,00545,00547,00548,00569,00573,00586,00600,00606,00621,00629,00651,00651,00677,00680,00717,00733,00820,00852,00885,01010,01011,01093,01130,01142,01177,01997,02041,02049,02057,02062,02067,02072,02087,02145,02178,02185,02199,02209,02223,02228,02245,02257,02259,02260,02263,02294,02294,02295,02359,02378,02396,02431,02460,02469,02482,02485,02495,02502,02508,02543,02546,02563,02642
11
76,75,77,52,53,82,51,50,81,56,79,80,54,28,55,32,26,27,30,86,31,57,25,29,60,58,84,5,3,2,59,7,0,1,6,33,34,85,35,61,4,83,36,11,89,9,8,10,87,90,88,91,15,94,14,93,92,99,98,97,96,95,40,39,38,37,62,65,63,64,41,43,12,42,13,69,17,67,44,19,68,18,66,16,72,46,49,24,73,23,48,71,22,74,70,47,45,20,21
00057,00100,00112,00125,00181,00200,00203,00230,00261,00303,00335,00337,00338,00355,00369,00372,00376,00379,00386,00393,00401,00402,00408,00420,00463,00487,00491,00507,00532,00533,00538,00539,00545,00556,00560,00566,00566,00572,00581,00587,00596,00596,00605,00632,00636,00672,00688,00703,00752,00780,00815,00835,00889,00923,00929,00950,00988,01110,01111,01192,01231,01241,02064,02098,02114,02125,02134,02152,02159,02172,02225,02253,02266,02271,02313,02317,02325,02331,02334,02346,02350,02356,02381,02427,02466,02481,02507,02532,02559,02564,02565,02574,02577,02598,02614,02625,02630,02631,02715
9
80,81,82,86,54,84,55,57,77,60,85,75,58,76,59,51,83,89,56,78,61,31,52,53,34,50,30,36,87,32,90,33,28,29,35,5,25,88,91,63,6,9,11,7,4,8,27,26,94,10,3,93,2,92,69,0,68,1,66,99,98,72,97,96,73,95,71,74,70,45,40,62,65,64,39,37,38,41,43,42,67,15,12,44,14,17,13,18,19,16,46,49,24,48,22,23,47,20,21
00061,00112,00135,00136,00159,00161,00186,00220,00227,00231,00243,00247,00251,00278,00285,00301,00301,00312,00321,00335,00341,00346,00365,00389,00393,00409,00411,00414,00428,00441,00452,00453,00454,00454,00459,00489,00495,00495,00507,00513,00517,00522,00537,00545,00553,00555,00564,00583,00594,00611,00630,00631,00638,00658,00676,00690,00704,00729,00745,00785,00788,00826,00868,00904,00915,00919,00924,00953,00957,00991,01837,01848,01881,01886,01899,01906,01915,01951,01995,02018,02041,02056,02059,02084,02091,02092,02107,02133,02151,02184,02191,02240,02275,02289,02314,02315,02349,02383,02456
13
79,86,81,54,55,82,84,57,60,58,85,59,77,75,51,83,56,76,31,61,89,34,78,52,30,36,53,50,32,33,35,29,28,87,5,90,25,6,9,11,88,7,4,8,91,27,26,10,3,2,94,93,0,92,1,99,98,97,96,71,95,70,40,62,63,65,39,64,37,38,41,43,42,69,15,12,67,68,14,44,17,13,66,18,19,16,72,46,49,73,24,48,74,23,22,45,47,20,21
00061,00080,00081,00098,00124,00145,00157,00158,00176,00197,00236,00237,00238,00260,00266,00268,00271,00280,00287,00292,00299,00334,00337,00345,00357,00358,00361,00374,00389,00392,00398,00399,00406,00415,00430,00443,00444,00456,00463,00476,00479,00486,00492,00495,00498,00523,00545,00549,00576,00586,00586,00614,00641,00651,00683,00773,00774,00855,00894,00901,00904,00938,01787,01814,01829,01842,01845,01852,01855,01861,01913,01954,01975,01990,02001,02008,02010,02020,02036,02041,02046,02056,02057,02085,02098,02140,02141,02160,02202,02231,02235,02253,02269,02273,02275,02306,02314,02341,02416
17
80,82,54,79,55,86,57,77,51,75,76,56,60,84,58,31,78,52,53,59,50,30,85,32,83,61,28,29,34,89,36,25,33,5,35,6,27,7,11,26,4,9,87,8,90,3,2,10,88,91,0,1,94,93,92,99,98,97,96,95,40,39,62,38,37,63,65,64,41,43,15,42,12,69,14,67,68,17,13,44,66,18,19,16,72,46,49,24,73,48,71,23,22,74,70,45,47,20,21
00081,00089,00096,00112,00131,00133,00170,00172,00190,00195,00206,00214,00215,00238,00239,00257,00261,00263,00281,00287,00298,00309,00317,00333,00336,00339,00344,00352,00353,00377,00383,00387,00390,00399,00400,00435,00452,00452,00471,00471,00472,00477,00492,00504,00522,00523,00531,00546,00554,00577,00580,00618,00664,00689,00730,00849,00850,00932,00972,00980,01828,01876,01877,01893,01894,01899,01899,01915,01972,02006,02026,02026,02043,02058,02063,02074,02089,02090,02091,02092,02123,02126,02131,02188,02207,02224,02258,02288,02299,02313,02313,02323,02330,02338,02353,02372,02373,02391,02470
18
81,77,75,79,76,80,54,78,51,86,55,52,57,56,53,84,60,50,58,31,30,59,85,32,28,29,83,61,25,89,34,5,27,36,33,26,35,6,7,4,11,87,9,3,2,90,8,0,88,10,91,1,94,93,92,99,98,97,96,71,95,70,40,62,39,63,38,37,65,64,41,43,42,15,12,69,14,67,68,17,44,13,66,18,19,16,72,46,49,24,73,48,23,74,22,45,47,20,21
00089,00094,00115,00135,00142,00145,00185,00200,00211,00215,00221,00243,00259,00269,00278,00292,00303,00308,00327,00332,00367,00373,00374,00381,00384,00410,00413,00426,00433,00441,00442,00469,00471,00473,00475,00483,00486,00510,00518,00548,00554,00557,00565,00570,00576,00583,00591,00615,00622,00629,00639,00645,00726,00758,00791,00915,00917,00998,01036,01046,01048,01083,01916,01958,01966,01974,01982,01983,01983,01996,02056,02092,02113,02115,02133,02136,02152,02154,02165,02179,02179,02181,02202,02215,02220,02276,02286,02305,02343,02374,02377,02396,02411,02415,02416,02451,02457,02479,02556
14
59,61,85,58,60,84,86,36,57,34,55,54,80,79,35,81,33,9,31,8,11,82,56,6,30,5,10,51,4,29,32,77,7,75,28,76,25,50,53,52,78,3,2,27,26,0,1,89,87,62,63,90,88,40,65,64,91,37,41,39,38,94,43,93,42,69,67,68,92,44,66,12,17,15,13,14,18,98,99,72,19,16,46,49,97,73,24,71,48,96,95,74,22,23,70,45,47,20,21
00097,00110,00127,00140,00155,00165,00203,00224,00226,00238,00243,00265,00268,00301,00331,00336,00338,00338,00358,00380,00409,00413,00417,00449,00455,00456,00464,00469,00472,00484,00505,00505,00513,00528,00536,00542,00551,00566,00572,00575,00596,00654,00668,00677,00708,00742,00799,01445,01523,01547,01563,01564,01571,01574,01581,01584,01612,01641,01649,01654,01667,01694,01698,01701,01721,01722,01741,01753,01761,01789,01789,01791,01804,01813,01835,01841,01850,01863,01864,01872,01884,01890,01892,01938,01945,01963,01975,01977,01987,01989,01991,02002,02013,02017,02017,02037,02047,02085,02154
13
85,86,89,80,79,83,60,58,59,54,55,57,81,61,87,90,82,88,34,91,36,63,62,31,77,64,56,75,51,33,35,76,94,9,30,41,93,78,92,52,8,29,32,11,5,53,6,69,50,28,68,67,4,25,7,10,66,99,98,27,72,3,26,46,2,97,96,49,95,73,0,71,24,74,70,48,1,22,45,47,21,40,65,37,39,38,43,42,12,44,15,17,14,13,18,19,16,23,20
00082,00143,00152,00157,00161,00165,00187,00193,00197,00214,00215,00227,00238,00244,00267,00291,00292,00335,00342,00346,00347,00358,00362,00381,00386,00398,00399,00407,00415,00429,00429,00433,00433,00464,00468,00468,00470,00491,00498,00502,00504,00506,00510,00511,00511,00514,00521,00522,00523,00533,00547,00548,00553,00563,00570,00577,00592,00624,00626,00662,00671,00686,00687,00697,00698,00707,00743,00755,00757,00758,00761,00765,00794,00795,00797,00799,00810,00830,00835,00858,00972,01732,01744,01801,01807,01821,01863,01886,01953,01953,01968,01969,01998,01999,02015,02046,02054,02179,02247
15
89,84,83,87,59,86,90,58,60,61,80,79,88,91,55,57,54,63,62,81,64,36,65,34,94,82,93,41,92,31,35,33,69,56,9,43,77,68,67,51,42,75,8,76,66,30,11,99,5,98,6,29,44,32,12,78,4,17,52,10,53,28,50,72,7,25,13,46,18,97,16,96,19,95,73,71,49,70,74,27,48,24,3,2,26,45,22,23,47,0,20,1,21,40,37,39,38,15,14
00073,00082,00127,00186,00197,00206,00209,00215,00218,00231,00236,00243,00255,00264,00273,00274,00280,00285,00300,00317,00333,00343,00345,00349,00351,00374,00389,00405,00416,00426,00441,00445,00448,00459,00461,00464,00468,00470,00477,00486,00488,00489,00502,00515,00518,00519,00522,00542,00545,00545,00548,00554,00554,00564,00572,00572,00576,00577,00578,00582,00587,00590,00592,00596,00604,00615,00616,00624,00625,00625,00656,00661,00665,00676,00681,00686,00688,00717,00717,00724,00729,00731,00732,00744,00751,00759,00764,00776,00788,00812,00843,00865,00905,01702,01767,01781,01795,01941,01967
16
54,55,80,57,60,58,81,79,84,59,83,85,61,82,31,89,56,34,36,51,77,33,30,35,75,76,29,32,87,52,5,53,50,9,28,78,6,90,11,25,8,88,4,7,91,10,27,94,26,3,2,93,92,0,1,98,99,97,96,40,62,39,63,65,37,38,64,41,43,42,15,69,12,67,14,68,44,17,13,66,18,19,16,72,46,49,24,73,48,71,95,23,22,74,70,45,47,20,21
00073,00073,00080,00094,00096,00117,00133,00136,00143,00158,00203,00206,00212,00215,00243,00255,00256,00257,00278,00280,00304,00323,00326,00327,00327,00339,00366,00367,00367,00378,00380,00383,00385,00386,00390,00393,00399,00401,00407,00420,00420,00426,00433,00438,00454,00479,00519,00541,00545,00546,00557,00560,00607,00619,00667,00721,00721,00803,00845,01707,01744,01764,01766,01768,01775,01781,01782,01840,01877,01898,01921,01925,01928,01941,01956,01957,01964,01967,01975,01990,02005,02018,02062,02074,02091,02127,02159,02166,02181,02181,02192,02196,02200,02205,02221,02239,02241,02264,02341
18
90,88,91,89,63,94,62,85,64,93,65,92,84,41,69,68,67,40,43,66,99,98,42,86,37,39,38,80,72,55,44,79,54,97,46,17,96,12,95,81,73,71,18,16,13,49,70,74,15,82,14,48,19,45,24,22,47,23,51,77,75,20,76,21,50,52,53,78,83,61,59,58,60,36,34,57,9,35,33,8,31,11,56,10,6,5,4,30,29,7,32,28,25,3,2,27,26,0,1
00044,00070,00088,00116,00126,00174,00181,00186,00199,00203,00236,00240,00267,00272,00275,00291,00311,00323,00343,00346,00358,00359,00366,00367,00369,00404,00412,00415,00417,00419,00426,00428,00436,00441,00451,00464,00479,00489,00490,00492,00499,00501,00515,00523,00525,00530,00530,00534,00542,00557,00559,00562,00576,00577,00579,00606,00618,00628,00644,00651,00673,00692,00695,00744,00744,00745,00747,00752,01523,01613,01619,01663,01678,01715,01741,01748,01814,01832,01842,01856,01881,01902,01940,01945,01957,01972,01977,01978,02006,02027,02029,02060,02074,02173,02187,02200,02231,02263,02321
14
91,87,90,63,94,93,62,64,89,92,65,69,68,41,67,85,66,98,99,43,40,42,84,72,37,44,97,46,39,38,17,96,95,86,73,71,12,70,74,49,16,18,80,13,48,79,45,24,15,14,19,22,47,81,23,82,20,21,77,75,76,78,83,61,59,58,60,36,34,57,55,9,54,35,8,33,11,31,10,6,56,4,5,30,51,29,7,32,28,25,50,53,52,3,2,27,26,0,1
00068,00070,00076,00079,00128,00135,00153,00158,00183,00192,00205,00207,00221,00224,00245,00255,00277,00295,00295,00298,00318,00320,00335,00347,00352,00375,00377,00382,00394,00399,00418,00419,00425,00426,00428,00431,00456,00462,00463,00465,00468,00470,00479,00487,00494,00495,00507,00516,00519,00530,00538,00541,00550,00554,00566,00622,00629,00677,00717,00738,00759,00815,01571,01643,01659,01708,01726,01733,01764,01797,01814,01819,01834,01851,01860,01863,01915,01921,01950,01979,01987,01995,02000,02017,02040,02042,02052,02069,02102,02112,02137,02143,02144,02203,02218,02243,02276,02295,02355
16
85,87,90,84,88,59,91,63,58,62,60,86,64,65,94,80,57,79,55,40,93,54,41,92,69,81,37,68,39,43,67,38,42,82,66,31,99,98,44,56,17,12,72,51,77,30,46,6,15,75,5,97,13,18,29,14,76,16,32,96,95,73,19,71,7,49,28,52,78,50,53,25,74,70,48,24,45,22,23,47,3,27,2,20,26,21,0,1,83,61,36,34,35,9,33,8,11,10,4
00073,00116,00145,00152,00183,00196,00199,00212,00230,00233,00240,00255,00264,00281,00287,00299,00306,00312,00313,00317,00318,00327,00337,00353,00374,00377,00378,00397,00400,00400,00404,00411,00424,00441,00445,00450,00474,00475,00489,00497,00515,00519,00522,00535,00535,00545,00551,00551,00554,00556,00557,00557,00561,00565,00577,00578,00580,00590,00594,00595,00606,00608,00611,00613,00614,00617,00623,00633,00636,00638,00638,00643,00644,00645,00657,00661,00685,00693,00707,00715,00751,00761,00764,00773,00790,00834,00836,00892,01445,01555,01668,01683,01777,01781,01783,01823,01854,01908,01917
13
87,91,88,94,89,63,93,92,85,62,64,65,69,68,84,41,67,99,98,66,40,43,42,86,37,72,97,80,39,57,44,38,79,96,46,55,95,54,71,17,73,70,81,12,74,49,18,16,13,48,45,15,82,24,14,19,22,47,56,23,77,51,75,20,76,21,52,78,50,53,26,83,61,59,58,60,36,34,9,35,33,8,31,11,10,6,5,30,4,29,32,7,28,25,3,2,27,0,1
00044,00055,00076,00142,00145,00150,00189,00208,00209,00215,00227,00269,00281,00291,00291,00297,00321,00334,00337,00350,00364,00370,00392,00401,00407,00416,00417,00443,00444,00445,00449,00452,00452,00452,00454,00456,00468,00471,00490,00491,00492,00514,00522,00523,00526,00541,00543,00544,00556,00568,00572,00579,00583,00592,00594,00607,00616,00622,00636,00642,00677,00679,00698,00705,00723,00752,00779,00780,00781,00783,00929,01564,01657,01660,01704,01718,01759,01785,01857,01876,01886,01899,01923,01946,01988,02001,02015,02019,02021,02048,02070,02070,02100,02116,02216,02230,02240,02305,02363
12
90,88,94,87,93,63,92,89,62,64,69,68,85,65,99,98,41,67,66,84,43,97,72,42,40,96,95,46,37,44,71,73,86,39,70,38,74,17,80,55,79,49,12,16,54,45,48,18,13,24,81,22,47,15,14,19,23,82,20,21,51,77,75,76,50,52,53,78,83,61,59,58,60,36,34,57,9,35,33,8,31,11,10,56,6,4,5,30,29,7,32,28,25,3,2,27,26,0,1
00055,00068,00087,00088,00139,00146,00153,00199,00221,00224,00247,00250,00264,00273,00279,00283,00287,00290,00313,00346,00361,00362,00373,00382,00384,00397,00413,00414,00420,00434,00440,00445,00454,00461,00462,00467,00477,00480,00498,00507,00507,00508,00522,00524,00524,00525,00530,00532,00552,00562,00577,00582,00582,00586,00597,00603,00613,00639,00674,00715,00732,00733,00754,00779,00833,00833,00835,00835,01612,01697,01706,01752,01767,01793,01822,01837,01884,01911,01922,01925,01969,01978,02015,02028,02038,02055,02055,02065,02092,02109,02116,02148,02161,02258,02272,02289,02320,02348,02407
14
94,93,99,98,91,88,90,68,97,69,87,63,96,95,66,67,64,72,62,71,70,41,73,89,46,65,74,43,85,42,45,44,48,49,40,84,37,17,47,16,24,22,39,38,18,12,23,13,86,20,19,80,21,15,14,79,55,54,81,82,51,77,75,76,52,53,78,83,61,59,58,60,36,34,57,9,8,35,33,11,31,10,6,56,4,5,30,29,7,32,28,25,50,3,2,27,26,0,1
00066,00108,00143,00151,00153,00192,00208,00214,00221,00237,00240,00242,00248,00274,00279,00283,00302,00305,00317,00331,00337,00339,00351,00353,00356,00357,00376,00406,00416,00421,00428,00455,00472,00472,00491,00498,00509,00511,00515,00525,00530,00537,00558,00560,00561,00578,00583,00597,00607,00634,00644,00651,00655,00656,00658,00658,00659,00677,00730,00791,00885,00885,00905,00931,00986,00988,00988,01761,01835,01852,01900,01917,01920,01954,01987,01997,02035,02038,02051,02097,02114,02125,02167,02178,02181,02190,02210,02235,02241,02262,02294,02305,02326,02395,02409,02436,02468,02487,02548
14
94,92,68,69,88,91,63,98,99,67,66,90,64,87,62,41,72,97,65,46,96,95,43,71,73,42,89,70,74,44,45,49,85,40,48,17,37,16,24,47,18,38,39,22,12,84,13,23,19,15,14,20,86,21,80,79,81,82,77,75,76,78,83,61,59,36,58,60,34,9,57,8,55,35,33,54,11,10,31,6,4,5,56,30,7,29,51,32,28,25,50,53,52,3,2,27,26,0,1
00090,00108,00121,00133,00135,00139,00152,00161,00163,00180,00187,00189,00200,00203,00220,00230,00236,00243,00254,00281,00288,00290,00297,00301,00305,00312,00318,00327,00338,00348,00385,00385,00389,00392,00398,00404,00405,00424,00442,00447,00454,00455,00455,00456,00469,00470,00489,00494,00536,00548,00550,00551,00560,00584,00614,00631,00689,00758,00852,00874,00894,00950,01701,01758,01784,01832,01835,01854,01868,01899,01925,01936,01945,01947,01961,01967,02002,02025,02040,02077,02088,02104,02112,02134,02153,02156,02170,02187,02221,02227,02265,02273,02277,02309,02324,02364,02397,02403,02466
19
92,91,93,88,90,87,63,99,98,68,69,64,62,67,66,97,89,41,65,96,72,95,85,46,71,43,73,70,42,74,44,84,40,45,37,49,17,48,39,38,16,24,47,18,86,12,22,13,23,80,55,79,54,19,15,14,20,81,21,82,51,77,75,76,52,53,78,83,61,59,58,60,36,34,57,9,35,8,33,11,31,10,6,56,4,5,30,29,7,32,28,25,50,3,2,27,26,0,1
00066,00087,00090,00128,00142,00174,00187,00196,00201,00211,00222,00255,00265,00270,00278,00278,00287,00302,00309,00310,00321,00330,00351,00369,00370,00374,00382,00384,00391,00411,00433,00433,00437,00461,00462,00476,00486,00486,00508,00511,00513,00533,00534,00537,00541,00543,00546,00567,00585,00586,00593,00594,00610,00616,00617,00623,00641,00664,00672,00726,00818,00820,00841,00866,00919,00921,00923,01694,01772,01786,01834,01850,01860,01893,01921,01942,01978,01981,01991,02040,02049,02071,02107,02112,02122,02128,02145,02170,02180,02197,02229,02240,02260,02332,02346,02370,02402,02424,02484
14
97,96,70,98,71,99,74,73,45,72,68,46,92,66,93,69,67,94,48,47,49,91,22,88,63,24,41,64,90,44,43,42,23,62,21,87,16,65,20,17,18,89,13,37,12,40,19,38,85,39,14,15,84,86,80,10,79,81,82,77,75,76,78,83,61,59,36,58,34,9,60,8,35,57,33,55,11,54,31,6,4,5,56,7,30,29,51,32,28,25,50,53,52,3,2,27,0,26,1
00053,00064,00087,00131,00132,00134,00175,00181,00224,00224,00266,00267,00274,00282,00290,00309,00327,00330,00341,00353,00382,00413,00416,00425,00433,00436,00441,00452,00468,00474,00477,00479,00481,00484,00488,00490,00493,00497,00507,00534,00568,00606,00627,00627,00628,00638,00661,00675,00676,00680,00708,00721,00757,00850,00904,00909,00919,00980,01048,01142,01163,01185,01241,01991,02038,02069,02095,02121,02135,02139,02142,02169,02203,02212,02220,02234,02245,02257,02318,02331,02335,02366,02396,02409,02410,02427,02458,02463,02498,02499,02550,02561,02566,02569,02584,02641,02665,02675,02729
13
97,95,99,98,70,71,74,73,92,72,45,93,68,94,66,46,69,67,91,48,47,88,49,63,90,41,64,22,87,24,62,43,42,44,65,23,16,21,20,17,89,18,37,40,85,12,13,38,39,19,84,14,15,86,80,79,81,82,77,75,76,78,83,61,59,36,58,60,34,9,8,57,35,55,33,54,11,10,31,6,4,5,56,30,7,29,51,32,28,25,50,53,52,3,2,27,0,26,1
00056,00064,00125,00129,00151,00194,00238,00242,00248,00272,00288,00288,00291,00310,00318,00320,00333,00359,00397,00402,00416,00419,00438,00438,00452,00467,00468,00477,00479,00494,00497,00510,00514,00516,00517,00540,00544,00552,00569,00577,00595,00615,00654,00658,00661,00668,00670,00703,00706,00707,00743,00749,00759,00845,00894,00904,00972,01036,01130,01151,01175,01231,01989,02045,02072,02110,02123,02142,02149,02163,02195,02214,02222,02232,02237,02253,02268,02280,02326,02351,02358,02383,02400,02420,02428,02440,02458,02473,02508,02512,02553,02561,02564,02587,02602,02650,02683,02684,02746
10
95,96,98,99,70,71,73,74,72,92,68,93,45,66,46,69,94,67,48,91,47,88,49,63,41,64,90,22,87,24,62,43,42,44,65,16,23,21,17,20,89,18,37,40,12,13,85,38,19,39,14,15,84,86,80,79,81,82,77,75,76,78,83,61,59,36,58,60,34,9,8,57,35,33,55,54,11,10,31,6,4,5,56,30,7,29,51,32,28,25,50,53,52,3,2,27,0,26,1
00053,00056,00081,00082,00129,00155,00199,00202,00218,00221,00235,00243,00255,00262,00268,00278,00278,00302,00356,00362,00376,00377,00388,00390,00411,00415,00417,00431,00441,00445,00445,00453,00458,00460,00463,00490,00493,00515,00521,00525,00557,00559,00598,00604,00612,00614,00625,00647,00651,00651,00692,00703,00707,00803,00855,00868,00932,00998,01093,01114,01136,01192,01945,01996,02025,02058,02077,02097,02098,02108,02140,02168,02169,02184,02188,02210,02214,02224,02277,02297,02303,02330,02353,02370,02375,02389,02413,02423,02458,02461,02507,02516,02520,02534,02549,02601,02630,02635,02694
15
99,97,96,95,92,93,68,71,70,72,94,69,66,73,74,67,46,91,45,88,63,90,64,41,48,87,62,49,47,65,43,42,44,22,24,16,17,89,23,18,20,21,37,40,85,12,13,38,39,19,84,14,15,86,80,79,81,82,77,75,76,78,83,61,59,36,58,60,34,9,8,57,35,55,33,54,11,10,31,6,4,5,56,30,7,29,51,32,28,25,50,53,52,3,2,27,0,26,1
00014,00081,00129,00131,00151,00161,00170,00184,00185,00195,00201,00211,00212,00213,00231,00244,00249,00283,00285,00295,00310,00337,00339,00343,00355,00359,00368,00372,00387,00389,00393,00400,00412,00427,00431,00457,00473,00475,00482,00515,00524,00529,00530,00531,00545,00558,00565,00580,00582,00606,00626,00639,00646,00721,00774,00788,00850,00917,01011,01032,01054,01111,01863,01916,01944,01981,01996,02015,02020,02037,02070,02087,02094,02106,02109,02128,02142,02156,02197,02223,02230,02254,02272,02291,02300,02311,02332,02344,02379,02382,02426,02435,02439,02458,02473,02521,02554,02555,02617
17
98,97,96,95,92,93,68,70,71,94,72,69,66,73,74,67,46,91,88,45,63,90,64,41,87,48,62,49,65,47,43,42,44,22,24,16,89,17,23,18,20,40,37,85,21,12,13,38,39,19,84,14,15,86,80,79,81,82,77,75,76,78,83,61,59,36,58,60,34,9,8,57,35,55,33,54,11,10,31,6,4,5,56,30,7,29,51,32,28,25,50,53,52,3,2,27,26,0,1
00014,00082,00125,00134,00143,00163,00181,00194,00196,00196,00210,00221,00225,00227,00243,00255,00263,00279,00295,00297,00313,00334,00346,00353,00358,00369,00374,00387,00397,00401,00403,00411,00424,00441,00446,00471,00474,00485,00496,00528,00538,00538,00539,00542,00543,00569,00578,00589,00591,00619,00624,00651,00658,00721,00773,00785,00849,00915,01010,01031,01054,01110,01864,01920,01947,01987,01998,02017,02026,02044,02078,02089,02100,02108,02115,02129,02149,02164,02201,02230,02238,02260,02275,02295,02307,02316,02333,02348,02383,02387,02428,02436,02439,02464,02479,02525,02559,02560,02623
17
True
1
4
666,128.2
676,128.2
676,512.8
666,512.8
